795, 286
795, 286
795, 286
795, 286
795, 286
795, 286
795, 286
795, 286
795, 286
795, 286
795, 286
795, 286
795, 286
795, 286
795, 286
795, 286
795, 286
795, 286
795, 286
795, 286
800, 291
839, 311
911, 353
965, 386
1020, 396
1088, 391
1079, 378
1046, 358
1036, 326
1041, 289
1059, 279
1078, 306
1085, 325
1089, 335
1090, 328
1089, 314
1091, 299
1091, 278
1091, 280
1090, 287
1091, 287
1091, 287
1090, 288
1090, 287
1090, 289
1091, 289
1090, 289
1091, 289
1091, 289
1091, 289
1091, 289
1091, 289
1091, 289
1090, 289
1090, 289
