955, 95
941, 95
933, 95
923, 97
907, 95
901, 97
891, 95
879, 93
865, 97
853, 99
841, 95
829, 97
817, 99
803, 97
787, 97
773, 97
761, 97
747, 95
729, 95
715, 97
701, 99
683, 95
665, 99
653, 101
633, 99
615, 97
597, 99
583, 101
579, 115
585, 123
583, 133
585, 145
583, 157
587, 169
583, 179
585, 191
585, 201
581, 213
557, 213
537, 215
513, 211
489, 213
465, 213
443, 213
419, 211
393, 213
369, 213
337, 215
315, 213
291, 213
267, 213
239, 213
211, 213
181, 215
157, 215
125, 215
119, 227
121, 243
121, 261
117, 277
121, 293
129, 305
121, 329
123, 347
121, 363
123, 381
123, 399
125, 419
123, 437
123, 455
147, 461
181, 461
215, 461
245, 459
283, 463
321, 461
355, 465
391, 463
407, 475
407, 495
405, 519
409, 539
409, 561
409, 581
407, 603
371, 601
329, 603
293, 603
281, 619
279, 641
281, 665
279, 689
281, 711
279, 735
277, 757
283, 783
281, 805
281, 829
281, 853
281, 877
247, 881
201, 885
169, 893
171, 923
169, 943
167, 967
167, 993
187, 1009
231, 1007
279, 1007
325, 1007
369, 1007
419, 999
461, 1003
509, 1005
557, 1005
607, 1007
653, 1005
669, 987
671, 961
673, 935
673, 905
673, 879
681, 855
731, 857
779, 857
831, 859
879, 861
905, 851
903, 819
905, 795
909, 761
903, 731
903, 707
905, 681
901, 653
851, 651
797, 651
747, 649
697, 649
645, 651
591, 651
577, 629
577, 601
577, 571
577, 543
575, 513
575, 483
577, 455
573, 425
575, 395
583, 371
635, 381
687, 389
735, 393
751, 379
755, 351
753, 319
753, 289
755, 259
751, 231
771, 201
817, 207
871, 207
923, 205
975, 205
1029, 207
1071, 209
1075, 237
1075, 271
1075, 301
1073, 329
1075, 357
1075, 385
1095, 405
1147, 401
1189, 399
1189, 431
1191, 461
1191, 489
1191, 521
1189, 549
1191, 577
1191, 605
1189, 637
1163, 649
1113, 647
1059, 645
1051, 667
1053, 701
1053, 729
1055, 755
1053, 787
1055, 817
1055, 845
1067, 867
1123, 867
1171, 865
1221, 863
1229, 891
1227, 917
1229, 947
1231, 977
1231, 1005
1273, 1007
1321, 1009
1371, 1011
1421, 1013
1471, 1015
1519, 1017
1565, 1017
1591, 1005
1591, 977
1591, 951
1593, 925
1591, 899
1593, 871
1593, 843
1589, 817
1595, 793
1595, 767
1563, 757
1517, 761
1473, 761
1427, 761
1385, 765
1337, 763
1335, 737
1337, 709
1339, 691
1333, 665
1337, 641
1337, 615
1337, 591
1337, 569
1347, 549
1387, 549
1431, 547
1469, 545
1511, 545
1531, 533
1531, 511
1531, 487
1533, 465
1533, 445
1533, 423
1533, 401
1533, 379
1501, 377
1465, 381
1427, 377
1391, 377
1369, 367
1369, 345
1369, 327
1369, 309
1367, 287
1365, 269
1361, 249
1363, 229
1363, 211
1363, 191
1379, 183
1411, 183
1443, 183
1475, 183
1507, 185
1543, 181
1569, 185
1583, 177
1581, 157
1581, 141
1585, 125
1583, 107
1579, 93
1591, 83
1617, 83
1647, 87
1669, 81
1699, 81
1721, 85
1721, 99
1721, 115
1721, 129
1721, 143
1721, 157
1721, 171
1721, 183
1721, 195
1723, 207
1721, 221
1721, 233
1721, 245
1723, 261
1723, 273
1723, 281
1723, 295
1723, 305
1721, 317
1721, 327
1715, 347
1721, 349
1721, 359
1723, 369
1723, 379
1723, 389
1721, 399
1723, 405
1723, 417
1725, 427
1723, 433
1723, 443
1725, 453
1725, 461
1725, 469
1723, 473
1717, 483
1725, 489
1725, 497
1725, 505
1725, 513
1725, 517
1723, 523
1725, 531
1723, 537
1723, 543
1725, 549
1723, 555
1723, 559
1723, 565
1727, 563
1713, 575
1165, 99
1165, 99
1165, 99
1165, 99
1165, 93
1165, 93
1165, 95
1165, 95
1165, 95
1165, 97
1165, 97
1163, 97
1163, 95
1163, 95
1163, 93
1163, 97
1163, 97
1159, 93
1163, 89
1159, 95
1161, 95
1157, 95
1155, 95
1155, 95
1153, 93
1153, 93
1151, 95
1149, 91
1147, 91
1145, 91
1143, 93
1139, 95
1139, 97
1135, 91
1131, 93
1127, 99
1127, 97
1121, 97
1119, 95
1115, 95
1111, 95
1107, 95
1101, 95
1097, 93
1093, 95
1087, 95
1083, 95
1077, 95
1073, 97
1065, 95
1061, 95
1053, 99
1047, 95
1041, 97
1035, 93
1025, 95
1019, 95
1009, 93
1005, 97
1001, 105
985, 95
979, 97
969, 97
957, 97
947, 97
939, 95
927, 97
919, 97
907, 95
897, 97
885, 97
873, 97
861, 97
849, 97
833, 97
823, 97
811, 95
795, 97
781, 99
769, 97
753, 97
739, 97
723, 97
709, 97
691, 97
675, 99
657, 99
643, 97
625, 97
607, 97
589, 99
587, 109
585, 117
583, 127
585, 139
583, 151
585, 161
585, 173
581, 185
593, 189
587, 201
569, 213
549, 211
523, 213
503, 213
479, 211
455, 211
429, 213
407, 209
383, 213
357, 213
329, 213
305, 213
279, 213
253, 213
227, 213
201, 213
171, 215
145, 217
121, 219
121, 235
119, 253
121, 267
121, 283
123, 303
121, 317
123, 335
123, 353
123, 371
121, 389
125, 409
121, 427
125, 443
127, 461
161, 461
197, 459
231, 463
265, 463
301, 463
337, 465
371, 463
409, 463
409, 483
407, 505
407, 527
409, 549
407, 571
409, 591
391, 603
345, 599
311, 605
281, 607
281, 631
281, 653
281, 675
277, 699
281, 721
281, 745
281, 769
281, 791
281, 815
281, 839
281, 863
267, 883
227, 885
181, 887
171, 903
169, 927
167, 953
167, 979
163, 1005
209, 1007
253, 1007
301, 1003
345, 1007
391, 1005
439, 1007
483, 1005
533, 1005
579, 1005
627, 1005
669, 1001
669, 973
671, 945
673, 921
673, 893
675, 867
703, 857
753, 857
801, 861
853, 863
901, 863
899, 837
903, 809
903, 779
903, 751
901, 721
905, 697
903, 667
879, 651
827, 653
777, 653
727, 651
675, 651
621, 651
577, 645
579, 619
579, 589
577, 559
575, 531
577, 499
575, 471
581, 437
577, 413
575, 383
607, 375
657, 383
709, 391
753, 393
755, 367
753, 335
755, 305
753, 275
753, 249
753, 217
787, 205
841, 207
893, 207
945, 205
999, 205
1051, 207
1071, 223
1071, 255
1073, 283
1071, 315
1083, 349
1075, 373
1075, 403
1119, 405
1169, 397
1189, 413
1189, 443
1191, 473
1191, 501
1189, 531
1189, 563
1191, 589
1189, 619
1189, 649
1139, 649
1087, 647
1049, 657
1051, 683
1051, 713
1051, 743
1055, 773
1053, 799
1055, 829
1055, 857
1089, 869
1143, 865
1195, 865
1229, 877
1227, 903
1227, 933
1231, 961
1231, 987
1247, 1007
1297, 1009
1345, 1011
1395, 1011
1443, 1013
1489, 1015
1535, 1011
1591, 1017
1587, 993
1591, 965
1593, 939
1593, 911
1595, 887
1593, 859
1585, 837
1595, 807
1591, 779
1589, 757
1545, 761
1499, 761
1451, 761
1405, 761
1361, 761
1337, 751
1337, 727
1335, 703
1335, 679
1335, 653
1337, 629
1337, 605
1337, 581
1337, 557
1365, 549
1405, 549
1449, 549
1491, 547
1531, 547
1535, 531
1531, 501
1531, 481
1531, 457
1533, 435
1533, 413
1533, 391
1519, 369
1485, 377
1449, 379
1409, 375
1373, 377
1371, 355
1369, 339
1367, 319
1369, 295
1363, 279
1365, 259
1363, 239
1363, 219
1363, 203
1361, 183
1395, 185
1425, 183
1459, 185
1491, 183
1521, 185
1555, 189
1585, 187
1581, 167
1581, 151
1583, 135
1581, 117
1585, 105
1585, 89
1605, 83
1631, 81
1663, 87
1687, 83
1713, 81
1719, 91
1721, 107
1721, 121
1721, 135
1721, 149
1723, 161
1721, 175
1721, 191
1721, 203
1723, 215
1721, 229
1721, 241
1721, 253
1721, 265
1721, 277
1717, 287
1721, 299
1723, 309
1721, 321
1723, 339
1721, 343
1723, 353
1721, 363
1721, 373
1725, 385
1723, 393
1719, 403
1725, 413
1723, 421
1725, 431
1723, 437
1723, 445
1725, 453
1723, 463
1725, 473
1723, 481
1723, 483
1725, 493
1723, 499
1723, 507
1723, 513
1723, 521
1721, 527
1723, 533
1725, 539
1725, 545
1725, 553
1723, 559
1723, 561
1725, 567
1729, 573
1731, 571
1165, 99
1165, 99
1165, 99
1165, 93
1165, 93
1165, 93
1165, 95
1165, 95
1163, 97
1163, 91
1165, 97
1165, 97
1163, 95
1165, 95
1161, 95
1161, 95
1161, 95
1159, 95
1159, 95
1159, 95
1159, 97
1157, 95
1155, 91
1155, 95
1153, 95
1153, 93
1149, 93
1145, 97
1143, 97
1145, 97
1141, 95
1139, 95
1137, 93
1135, 97
1129, 95
1127, 95
1123, 95
1123, 97
1117, 95
1113, 95
1109, 95
1105, 95
1099, 93
1095, 93
1093, 97
1085, 93
1081, 97
1075, 95
1069, 95
1063, 95
1057, 95
1051, 95
1043, 95
1039, 97
1029, 95
1025, 97
1015, 93
1009, 97
1001, 95
989, 97
981, 95
975, 97
963, 95
953, 95
945, 95
939, 101
925, 95
913, 91
907, 91
891, 97
879, 97
867, 95
855, 95
843, 97
829, 97
817, 97
805, 95
789, 95
777, 97
761, 97
749, 99
733, 99
717, 99
699, 99
683, 99
669, 99
651, 99
635, 99
619, 101
599, 99
585, 101
585, 111
587, 123
585, 133
585, 143
585, 155
585, 167
585, 179
585, 189
583, 201
583, 213
559, 213
539, 211
515, 211
493, 213
469, 213
445, 213
421, 213
395, 213
371, 213
343, 213
319, 213
293, 213
267, 213
241, 213
215, 215
183, 215
159, 215
129, 217
121, 225
121, 241
121, 259
121, 275
123, 293
121, 307
121, 327
123, 343
123, 361
125, 381
123, 397
125, 417
123, 433
125, 455
143, 459
177, 461
211, 463
247, 463
281, 463
317, 461
351, 463
387, 463
403, 475
407, 495
409, 515
407, 537
409, 557
409, 579
409, 601
373, 603
335, 605
293, 603
281, 617
277, 641
281, 663
281, 685
279, 709
279, 733
281, 755
281, 779
281, 803
281, 827
281, 851
281, 875
247, 881
203, 885
169, 891
169, 915
169, 941
167, 965
167, 991
185, 1001
227, 1007
275, 1007
321, 1007
365, 1007
411, 1005
457, 1007
507, 1007
553, 1005
603, 1007
647, 1005
669, 987
669, 965
671, 935
673, 909
675, 883
677, 855
727, 857
775, 859
823, 861
873, 863
903, 851
905, 825
905, 797
903, 765
903, 739
903, 709
903, 681
905, 655
855, 653
805, 653
751, 651
707, 657
647, 653
597, 651
577, 633
577, 603
579, 577
579, 543
577, 517
575, 489
571, 457
577, 429
575, 397
581, 373
629, 381
681, 387
731, 395
753, 379
753, 351
757, 325
749, 289
755, 263
753, 233
755, 207
813, 207
865, 205
917, 205
971, 205
1023, 205
1067, 207
1071, 237
1073, 267
1073, 297
1073, 325
1075, 357
1073, 385
1091, 405
1141, 399
1189, 397
1189, 427
1191, 459
1189, 487
1189, 517
1191, 545
1191, 577
1189, 603
1189, 629
1167, 649
1115, 647
1063, 647
1053, 669
1051, 697
1053, 727
1053, 755
1053, 785
1053, 813
1055, 841
1063, 867
1117, 863
1167, 867
1215, 867
1227, 887
1229, 917
1229, 943
1229, 969
1231, 1001
1271, 1009
1321, 1009
1369, 1013
1465, 1015
1513, 1015
1561, 1017
1591, 1007
1593, 981
1593, 955
1593, 927
1593, 899
1593, 873
1593, 847
1589, 821
1595, 793
1597, 771
1567, 753
1521, 757
1477, 761
1433, 763
1385, 761
1337, 763
1337, 739
1337, 715
1335, 691
1337, 667
1339, 641
1337, 619
1337, 595
1337, 567
1341, 549
1385, 549
1425, 547
1467, 547
1509, 545
1531, 537
1531, 513
1531, 491
1531, 469
1531, 447
1533, 425
1533, 403
1533, 381
1497, 373
1467, 377
1431, 377
1395, 377
1373, 371
1371, 347
1369, 329
1367, 309
1367, 289
1365, 269
1363, 249
1365, 233
1363, 213
1363, 193
1375, 181
1409, 185
1439, 185
1473, 185
1503, 187
1537, 185
1565, 185
1581, 179
1581, 159
1581, 143
1579, 127
1579, 111
1581, 93
1587, 85
1619, 85
1645, 83
1673, 83
1697, 83
1717, 85
1721, 99
1723, 115
1723, 129
1721, 141
1721, 153
1721, 167
1729, 187
1721, 195
1717, 209
1723, 219
1723, 235
1721, 245
1721, 257
1721, 269
1721, 281
1723, 293
1723, 305
1723, 315
1721, 325
1721, 337
1723, 349
1723, 359
1723, 369
1723, 379
1721, 387
1725, 399
1723, 407
1725, 417
1723, 425
1721, 435
1721, 439
1723, 451
1723, 457
1721, 469
1723, 471
1723, 481
1721, 487
1731, 501
1723, 503
1723, 509
1723, 515
1727, 523
1725, 531
1725, 537
1725, 543
1725, 549
1723, 553
1725, 561
1725, 565
1723, 569
1733, 573
1165, 99
1165, 99
1165, 99
1165, 99
1167, 97
1165, 93
1165, 95
1165, 95
1163, 97
1165, 97
1165, 97
1163, 95
1163, 95
1165, 99
1167, 101
1161, 95
1161, 95
1163, 103
1159, 95
1159, 95
1159, 93
1155, 95
1155, 95
1153, 93
1155, 95
1151, 91
1149, 95
1147, 95
1145, 95
1141, 93
1141, 93
1139, 97
1135, 95
1129, 95
1129, 95
1125, 93
1123, 91
1121, 97
1115, 95
1113, 97
1107, 95
1101, 93
1097, 95
1093, 95
1089, 95
1081, 93
1079, 97
1073, 97
1067, 95
1061, 95
1065, 91
1049, 95
1041, 95
1033, 95
1025, 95
1019, 95
1013, 97
1003, 95
995, 95
987, 95
977, 95
969, 93
959, 97
951, 97
941, 97
929, 95
919, 97
907, 91
897, 95
881, 97
871, 97
863, 97
849, 97
837, 97
823, 97
811, 97
799, 99
783, 97
769, 97
755, 97
741, 97
727, 95
711, 99
691, 97
677, 95
661, 99
643, 97
619, 107
609, 99
591, 99
585, 107
585, 117
585, 127
587, 139
585, 149
583, 161
583, 171
581, 183
589, 187
585, 207
571, 213
551, 211
527, 215
505, 213
479, 213
455, 213
431, 213
411, 215
385, 213
361, 211
333, 213
307, 211
283, 213
257, 215
229, 213
203, 215
177, 217
145, 215
121, 217
121, 233
121, 247
121, 265
121, 283
119, 301
121, 317
121, 333
117, 351
123, 371
121, 387
125, 407
123, 421
123, 443
125, 461
157, 459
195, 463
225, 461
261, 463
295, 461
331, 463
369, 465
405, 465
407, 483
409, 505
407, 527
409, 547
409, 567
409, 589
395, 601
351, 603
317, 605
281, 605
281, 629
281, 651
279, 671
279, 695
281, 719
281, 743
281, 767
281, 789
279, 811
281, 837
283, 863
273, 883
229, 883
185, 885
169, 901
169, 927
169, 949
167, 977
167, 1001
205, 1005
249, 1005
295, 1007
343, 1005
387, 1007
433, 1005
483, 1007
529, 1005
575, 1005
621, 1005
671, 1003
669, 977
671, 949
673, 925
675, 897
675, 865
699, 855
749, 857
797, 857
847, 861
897, 863
905, 841
905, 809
911, 787
903, 755
903, 725
903, 697
905, 671
881, 651
831, 649
779, 651
731, 645
679, 653
627, 653
577, 649
577, 619
577, 589
579, 563
577, 531
573, 503
575, 475
575, 443
577, 415
577, 387
601, 375
653, 383
703, 389
755, 397
755, 369
753, 339
753, 307
753, 277
753, 249
755, 221
781, 205
837, 207
889, 207
939, 207
993, 205
1049, 207
1071, 221
1075, 253
1073, 279
1073, 311
1073, 339
1073, 369
1075, 399
1111, 403
1163, 399
1189, 411
1191, 471
1189, 499
1189, 529
1189, 559
1189, 589
1187, 619
1189, 647
1141, 647
1093, 649
1051, 653
1049, 683
1047, 711
1053, 737
1059, 771
1055, 797
1055, 827
1055, 855
1089, 867
1141, 867
1189, 865
1235, 867
1227, 901
1227, 929
1229, 957
1231, 983
1241, 1009
1283, 1005
1343, 1009
1389, 1013
1439, 1013
1489, 1017
1537, 1017
1583, 1019
1591, 995
1593, 969
1591, 943
1593, 915
1593, 885
1593, 861
1593, 833
1593, 809
1595, 783
1593, 757
1547, 759
1501, 761
1455, 761
1411, 761
1365, 761
1337, 751
1337, 729
1337, 705
1337, 679
1337, 655
1337, 631
1337, 607
1337, 585
1335, 561
1361, 551
1403, 547
1445, 547
1487, 549
1527, 547
1533, 527
1531, 503
1531, 479
1533, 457
1533, 435
1533, 415
1533, 393
1527, 377
1487, 375
1451, 377
1415, 379
1377, 377
1371, 361
1373, 343
1367, 321
1367, 299
1365, 279
1367, 261
1363, 241
1363, 221
1361, 203
1363, 185
1389, 185
1425, 185
1457, 183
1487, 183
1519, 185
1549, 185
1581, 185
1581, 169
1581, 151
1581, 135
1583, 119
1581, 103
1581, 87
1591, 87
1629, 83
1657, 83
1683, 81
1711, 81
1721, 91
1721, 107
1723, 121
1719, 133
1719, 147
1721, 161
1719, 173
1727, 191
1721, 201
1721, 215
1723, 229
1721, 239
1721, 253
1725, 257
1723, 275
1723, 287
1723, 299
1723, 311
1723, 321
1723, 331
1721, 345
1725, 355
1723, 363
1723, 373
1723, 383
1721, 393
1725, 403
1723, 411
1725, 413
1723, 427
1723, 437
1723, 443
1721, 453
1725, 463
1727, 473
1723, 479
1725, 487
1723, 491
1723, 499
1723, 507
1725, 513
1723, 519
1725, 527
1723, 533
1723, 539
1723, 545
1723, 551
1725, 557
1723, 561
1723, 569
1727, 565
1719, 569
1165, 99
1165, 99
1165, 99
1165, 93
1165, 93
1165, 97
1165, 95
1165, 95
1163, 97
1165, 97
1171, 105
1165, 97
1163, 95
1165, 95
1165, 93
1161, 95
1161, 95
1161, 93
1157, 97
1157, 95
1157, 95
1153, 95
1155, 91
1155, 97
1151, 95
1149, 93
1147, 95
1145, 95
1141, 97
1143, 97
1141, 97
1135, 95
1133, 95
1131, 95
1129, 97
1123, 95
1121, 95
1119, 93
1113, 95
1109, 95
1105, 95
1101, 95
1101, 103
1091, 95
1085, 95
1081, 95
1075, 95
1071, 97
1065, 97
1059, 95
1051, 95
1047, 97
1037, 97
1029, 95
1023, 95
1015, 95
1007, 95
999, 95
991, 95
981, 97
973, 95
965, 95
955, 95
945, 95
935, 97
925, 95
905, 97
903, 97
893, 97
881, 97
869, 97
857, 97
843, 97
831, 95
817, 97
805, 97
791, 97
777, 97
765, 99
747, 97
733, 95
715, 99
701, 97
687, 99
669, 89
651, 97
635, 99
601, 99
585, 99
585, 111
585, 121
583, 131
585, 143
583, 155
583, 167
583, 177
585, 189
583, 201
583, 211
563, 213
539, 215
517, 211
497, 215
471, 213
447, 213
423, 213
399, 213
373, 211
349, 213
323, 213
297, 213
269, 213
243, 213
217, 215
189, 215
163, 217
133, 215
119, 223
121, 241
121, 257
123, 275
123, 289
121, 307
121, 325
121, 341
123, 361
121, 377
121, 395
121, 415
131, 429
121, 451
141, 459
171, 461
205, 461
241, 465
277, 465
313, 463
351, 465
383, 465
409, 473
405, 495
403, 513
409, 535
409, 555
409, 577
409, 599
377, 601
335, 601
299, 605
281, 615
279, 637
281, 661
281, 683
283, 707
281, 729
281, 753
281, 777
281, 801
281, 823
281, 849
277, 873
251, 881
211, 883
169, 889
169, 913
167, 937
167, 963
169, 987
179, 1005
225, 1007
271, 1007
315, 1005
363, 1005
409, 1007
455, 1005
497, 1005
549, 1005
597, 1001
643, 1003
669, 991
669, 965
667, 939
671, 909
673, 883
675, 853
723, 857
769, 859
819, 859
869, 861
901, 855
903, 827
903, 797
903, 769
905, 743
903, 711
903, 683
905, 655
859, 651
807, 651
755, 651
707, 653
655, 653
599, 651
575, 637
577, 605
577, 577
577, 547
579, 513
577, 489
575, 459
581, 435
577, 403
575, 371
623, 379
675, 385
727, 391
755, 385
755, 355
755, 325
753, 293
753, 265
753, 237
753, 207
809, 205
859, 201
911, 209
965, 205
1015, 205
1073, 205
1067, 235
1073, 265
1071, 293
1075, 325
1075, 353
1077, 383
1085, 407
1135, 401
1189, 395
1189, 425
1189, 455
1189, 483
1189, 513
1191, 545
1189, 573
1189, 597
1191, 629
1167, 649
1069, 643
1049, 667
1053, 695
1053, 723
1053, 753
1055, 783
1055, 811
1055, 839
1059, 865
1111, 865
1161, 865
1215, 867
1229, 887
1229, 915
1227, 941
1227, 971
1231, 999
1267, 1013
1311, 1011
1363, 1011
1413, 1011
1461, 1011
1509, 1015
1557, 1015
1589, 1009
1597, 977
1589, 953
1593, 927
1593, 903
1595, 877
1595, 851
1595, 825
1593, 797
1595, 769
1571, 757
1527, 757
1481, 761
1437, 763
1391, 757
1347, 763
1337, 743
1335, 719
1335, 693
1337, 669
1335, 643
1335, 621
1337, 597
1333, 573
1339, 551
1381, 549
1417, 553
1461, 549
1503, 545
1531, 539
1531, 517
1533, 493
1531, 473
1533, 445
1533, 427
1531, 403
1533, 383
1509, 377
1471, 377
1433, 377
1399, 379
1371, 371
1369, 351
1369, 331
1367, 311
1367, 291
1363, 273
1363, 253
1365, 233
1361, 215
1361, 193
1373, 183
1407, 181
1437, 183
1469, 185
1499, 183
1533, 185
1563, 185
1581, 179
1583, 163
1583, 145
1581, 129
1581, 111
1583, 97
1587, 83
1615, 83
1643, 83
1675, 79
1697, 83
1721, 83
1721, 97
1719, 113
1723, 129
1723, 143
1721, 153
1721, 169
1721, 181
1723, 195
1723, 205
1723, 221
1721, 233
1721, 243
1721, 255
1721, 267
1721, 279
1723, 291
1721, 301
1723, 315
1721, 325
1717, 341
1721, 347
1721, 357
1725, 367
1723, 377
1723, 387
1723, 397
1721, 405
1723, 415
1725, 425
1723, 431
1723, 441
1723, 449
1721, 459
1721, 467
1723, 473
1725, 483
1723, 487
1725, 497
1725, 505
1725, 511
1725, 517
1725, 525
1723, 531
1725, 533
1725, 541
1725, 547
1723, 551
1723, 561
1723, 563
1725, 565
1727, 577
1165, 95
1165, 95
1165, 95
1165, 95
1165, 99
1167, 95
1165, 93
1165, 95
1165, 95
1167, 95
1165, 97
1165, 97
1165, 97
1163, 95
1165, 97
1163, 95
1161, 95
1161, 95
1161, 95
1161, 95
1159, 95
1157, 93
1157, 95
1155, 93
1155, 93
1153, 95
1149, 93
1151, 97
1149, 97
1145, 93
1145, 97
1141, 95
1137, 93
1137, 93
1133, 95
1131, 93
1127, 95
1125, 97
1119, 97
1117, 95
1115, 97
1109, 95
1101, 95
1099, 93
1095, 95
1091, 97
1085, 95
1079, 95
1073, 95
1067, 97
1065, 93
1059, 93
1051, 97
1043, 95
1039, 97
1027, 93
1021, 95
1015, 95
1007, 95
999, 95
989, 95
983, 97
969, 97
963, 93
955, 95
941, 95
933, 95
923, 97
907, 95
901, 97
891, 95
879, 93
865, 97
853, 99
841, 95
829, 97
817, 99
803, 97
787, 97
773, 97
761, 97
747, 95
729, 95
715, 97
701, 99
683, 95
665, 99
653, 101
633, 99
615, 97
597, 99
583, 101
579, 115
585, 123
583, 133
585, 145
583, 157
587, 169
583, 179
585, 191
585, 201
581, 213
557, 213
537, 215
513, 211
489, 213
465, 213
443, 213
419, 211
393, 213
369, 213
337, 215
315, 213
291, 213
267, 213
239, 213
211, 213
181, 215
157, 215
125, 215
119, 227
121, 243
121, 261
117, 277
121, 293
129, 305
121, 329
123, 347
121, 363
123, 381
123, 399
125, 419
123, 437
123, 455
147, 461
181, 461
215, 461
245, 459
283, 463
321, 461
355, 465
391, 463
407, 475
407, 495
405, 519
409, 539
409, 561
409, 581
407, 603
371, 601
329, 603
293, 603
281, 619
279, 641
281, 665
279, 689
281, 711
279, 735
277, 757
283, 783
281, 805
281, 829
281, 853
281, 877
247, 881
201, 885
169, 893
171, 923
169, 943
167, 967
167, 993
187, 1009
231, 1007
279, 1007
325, 1007
369, 1007
419, 999
461, 1003
509, 1005
557, 1005
607, 1007
653, 1005
669, 987
671, 961
673, 935
673, 905
673, 879
681, 855
731, 857
779, 857
831, 859
879, 861
905, 851
903, 819
905, 795
909, 761
903, 731
903, 707
905, 681
901, 653
851, 651
797, 651
747, 649
697, 649
645, 651
591, 651
577, 629
577, 601
577, 571
577, 543
575, 513
575, 483
577, 455
573, 425
575, 395
583, 371
635, 381
687, 389
735, 393
751, 379
755, 351
753, 319
753, 289
755, 259
751, 231
771, 201
817, 207
871, 207
923, 205
975, 205
1029, 207
1071, 209
1075, 237
1075, 271
1075, 301
1073, 329
1075, 357
1075, 385
1095, 405
1147, 401
1189, 399
1189, 431
1191, 461
1191, 489
1191, 521
1189, 549
1191, 577
1191, 605
1189, 637
1163, 649
1113, 647
1059, 645
1051, 667
1053, 701
1053, 729
1055, 755
1053, 787
1055, 817
1055, 845
1067, 867
1123, 867
1171, 865
1221, 863
1229, 891
1227, 917
1229, 947
1231, 977
1231, 1005
1273, 1007
1321, 1009
1371, 1011
1421, 1013
1471, 1015
1519, 1017
1565, 1017
1591, 1005
1591, 977
1591, 951
1593, 925
1591, 899
1593, 871
1593, 843
1589, 817
1595, 793
1595, 767
1563, 757
1517, 761
1473, 761
1427, 761
1385, 765
1337, 763
1335, 737
1337, 709
1339, 691
1333, 665
1337, 641
1337, 615
1337, 591
1337, 569
1347, 549
1387, 549
1431, 547
1469, 545
1511, 545
1531, 533
1531, 511
1531, 487
1533, 465
1533, 445
1533, 423
1533, 401
1533, 379
1501, 377
1465, 381
1427, 377
1391, 377
1369, 367
1369, 345
1369, 327
1369, 309
1367, 287
1365, 269
1361, 249
1363, 229
1363, 211
1363, 191
1379, 183
1411, 183
1443, 183
1475, 183
1507, 185
1543, 181
1569, 185
1583, 177
1581, 157
1581, 141
1585, 125
1583, 107
1579, 93
1591, 83
1617, 83
1647, 87
1669, 81
1699, 81
1721, 85
1721, 99
1721, 115
1721, 129
1721, 143
1721, 157
1721, 171
1721, 183
1721, 195
1723, 207
1721, 221
1721, 233
1721, 245
1723, 261
1723, 273
1723, 281
1723, 295
1723, 305
1721, 317
1721, 327
1715, 347
1721, 349
1721, 359
1723, 369
1723, 379
1723, 389
1721, 399
1723, 405
1723, 417
1725, 427
1723, 433
1723, 443
1725, 453
1725, 461
1725, 469
1723, 473
1717, 483
1725, 489
1725, 497
1725, 505
1725, 513
1725, 517
1723, 523
1725, 531
1723, 537
1723, 543
1725, 549
1723, 555
1723, 559
1723, 565
1727, 563
1713, 575
1165, 99
1165, 99
1165, 99
1165, 99
1165, 93
1165, 93
1165, 95
1165, 95
1165, 95
1165, 97
1165, 97
1163, 97
1163, 95
1163, 95
1163, 93
1163, 97
1163, 97
1159, 93
1163, 89
1159, 95
1161, 95
1157, 95
1155, 95
1155, 95
1153, 93
1153, 93
1151, 95
1149, 91
1147, 91
1145, 91
1143, 93
1139, 95
1139, 97
1135, 91
1131, 93
1127, 99
1127, 97
1121, 97
1119, 95
1115, 95
1111, 95
1107, 95
1101, 95
1097, 93
1093, 95
1087, 95
1083, 95
1077, 95
1073, 97
1065, 95
1061, 95
1053, 99
1047, 95
1041, 97
1035, 93
1025, 95
1019, 95
1009, 93
1005, 97
1001, 105
985, 95
979, 97
969, 97
957, 97
947, 97
939, 95
927, 97
919, 97
907, 95
897, 97
885, 97
873, 97
861, 97
849, 97
833, 97
823, 97
811, 95
795, 97
781, 99
769, 97
753, 97
739, 97
723, 97
709, 97
691, 97
675, 99
657, 99
643, 97
625, 97
607, 97
589, 99
587, 109
585, 117
583, 127
585, 139
583, 151
585, 161
585, 173
581, 185
593, 189
587, 201
569, 213
549, 211
523, 213
503, 213
479, 211
455, 211
429, 213
407, 209
383, 213
357, 213
329, 213
305, 213
279, 213
253, 213
227, 213
201, 213
171, 215
145, 217
121, 219
121, 235
119, 253
121, 267
121, 283
123, 303
121, 317
123, 335
123, 353
123, 371
121, 389
125, 409
121, 427
125, 443
127, 461
161, 461
197, 459
231, 463
265, 463
301, 463
337, 465
371, 463
409, 463
409, 483
407, 505
407, 527
409, 549
407, 571
409, 591
391, 603
345, 599
311, 605
281, 607
281, 631
281, 653
281, 675
277, 699
281, 721
281, 745
281, 769
281, 791
281, 815
281, 839
281, 863
267, 883
227, 885
181, 887
171, 903
169, 927
167, 953
167, 979
163, 1005
209, 1007
253, 1007
301, 1003
345, 1007
391, 1005
439, 1007
483, 1005
533, 1005
579, 1005
627, 1005
669, 1001
669, 973
671, 945
673, 921
673, 893
675, 867
703, 857
753, 857
801, 861
853, 863
901, 863
899, 837
903, 809
903, 779
903, 751
901, 721
905, 697
903, 667
879, 651
827, 653
777, 653
727, 651
675, 651
621, 651
577, 645
579, 619
579, 589
577, 559
575, 531
577, 499
575, 471
581, 437
577, 413
575, 383
607, 375
657, 383
709, 391
753, 393
755, 367
753, 335
755, 305
753, 275
753, 249
753, 217
787, 205
841, 207
893, 207
945, 205
999, 205
1051, 207
1071, 223
1071, 255
1073, 283
1071, 315
1083, 349
1075, 373
1075, 403
1119, 405
1169, 397
1189, 413
1189, 443
1191, 473
1191, 501
1189, 531
1189, 563
1191, 589
1189, 619
1189, 649
1139, 649
1087, 647
1049, 657
1051, 683
1051, 713
1051, 743
1055, 773
1053, 799
1055, 829
1055, 857
1089, 869
1143, 865
1195, 865
1229, 877
1227, 903
1227, 933
1231, 961
1231, 987
1247, 1007
1297, 1009
1345, 1011
1395, 1011
1443, 1013
1489, 1015
1535, 1011
1591, 1017
1587, 993
1591, 965
1593, 939
1593, 911
1595, 887
1593, 859
1585, 837
1595, 807
1591, 779
1589, 757
1545, 761
1499, 761
1451, 761
1405, 761
1361, 761
1337, 751
1337, 727
1335, 703
1335, 679
1335, 653
1337, 629
1337, 605
1337, 581
1337, 557
1365, 549
1405, 549
1449, 549
1491, 547
1531, 547
1535, 531
1531, 501
1531, 481
1531, 457
1533, 435
1533, 413
1533, 391
1519, 369
1485, 377
1449, 379
1409, 375
1373, 377
1371, 355
1369, 339
1367, 319
1369, 295
1363, 279
1365, 259
1363, 239
1363, 219
1363, 203
1361, 183
1395, 185
1425, 183
1459, 185
1491, 183
1521, 185
1555, 189
1585, 187
1581, 167
1581, 151
1583, 135
1581, 117
1585, 105
1585, 89
1605, 83
1631, 81
1663, 87
1687, 83
1713, 81
1719, 91
1721, 107
1721, 121
1721, 135
1721, 149
1723, 161
1721, 175
1721, 191
1721, 203
1723, 215
1721, 229
1721, 241
1721, 253
1721, 265
1721, 277
1717, 287
1721, 299
1723, 309
1721, 321
1723, 339
1721, 343
1723, 353
1721, 363
1721, 373
1725, 385
1723, 393
1719, 403
1725, 413
1723, 421
1725, 431
1723, 437
1723, 445
1725, 453
1723, 463
1725, 473
1723, 481
1723, 483
1725, 493
1723, 499
1723, 507
1723, 513
1723, 521
1721, 527
1723, 533
1725, 539
1725, 545
1725, 553
1723, 559
1723, 561
1725, 567
1729, 573
1731, 571
1165, 99
1165, 99
1165, 99
1165, 93
1165, 93
1165, 93
1165, 95
1165, 95
1163, 97
1163, 91
1165, 97
1165, 97
1163, 95
1165, 95
1161, 95
1161, 95
1161, 95
1159, 95
1159, 95
1159, 95
1159, 97
1157, 95
1155, 91
1155, 95
1153, 95
1153, 93
1149, 93
1145, 97
1143, 97
1145, 97
1141, 95
1139, 95
1137, 93
1135, 97
1129, 95
1127, 95
1123, 95
1123, 97
1117, 95
1113, 95
1109, 95
1105, 95
1099, 93
1095, 93
1093, 97
1085, 93
1081, 97
1075, 95
1069, 95
1063, 95
1057, 95
1051, 95
1043, 95
1039, 97
1029, 95
1025, 97
1015, 93
1009, 97
1001, 95
989, 97
981, 95
975, 97
963, 95
953, 95
945, 95
939, 101
925, 95
913, 91
907, 91
891, 97
879, 97
867, 95
855, 95
843, 97
829, 97
817, 97
805, 95
789, 95
777, 97
761, 97
749, 99
733, 99
717, 99
699, 99
683, 99
669, 99
651, 99
635, 99
619, 101
599, 99
585, 101
585, 111
587, 123
585, 133
585, 143
585, 155
585, 167
585, 179
585, 189
583, 201
583, 213
559, 213
539, 211
515, 211
493, 213
469, 213
445, 213
421, 213
395, 213
371, 213
343, 213
319, 213
293, 213
267, 213
241, 213
215, 215
183, 215
159, 215
129, 217
121, 225
121, 241
121, 259
121, 275
123, 293
121, 307
121, 327
123, 343
123, 361
125, 381
123, 397
125, 417
123, 433
125, 455
143, 459
177, 461
211, 463
247, 463
281, 463
317, 461
351, 463
387, 463
403, 475
407, 495
409, 515
407, 537
409, 557
409, 579
409, 601
373, 603
335, 605
293, 603
281, 617
277, 641
281, 663
281, 685
279, 709
279, 733
281, 755
281, 779
281, 803
281, 827
281, 851
281, 875
247, 881
203, 885
169, 891
169, 915
169, 941
167, 965
167, 991
185, 1001
227, 1007
275, 1007
321, 1007
365, 1007
411, 1005
457, 1007
507, 1007
553, 1005
603, 1007
647, 1005
669, 987
669, 965
671, 935
673, 909
675, 883
677, 855
727, 857
775, 859
823, 861
873, 863
903, 851
905, 825
905, 797
903, 765
903, 739
903, 709
903, 681
905, 655
855, 653
805, 653
751, 651
707, 657
647, 653
597, 651
577, 633
577, 603
579, 577
579, 543
577, 517
575, 489
571, 457
577, 429
575, 397
581, 373
629, 381
681, 387
731, 395
753, 379
753, 351
757, 325
749, 289
755, 263
753, 233
755, 207
813, 207
865, 205
917, 205
971, 205
1023, 205
1067, 207
1071, 237
1073, 267
1073, 297
1073, 325
1075, 357
1073, 385
1091, 405
1141, 399
1189, 397
1189, 427
1191, 459
1189, 487
1189, 517
1191, 545
1191, 577
1189, 603
1189, 629
1167, 649
1115, 647
1063, 647
1053, 669
1051, 697
1053, 727
1053, 755
1053, 785
1053, 813
1055, 841
1063, 867
1117, 863
1167, 867
1215, 867
1227, 887
1229, 917
1229, 943
1229, 969
1231, 1001
1271, 1009
1321, 1009
1369, 1013
1465, 1015
1513, 1015
1561, 1017
1591, 1007
1593, 981
1593, 955
1593, 927
1593, 899
1593, 873
1593, 847
1589, 821
1595, 793
1597, 771
1567, 753
1521, 757
1477, 761
1433, 763
1385, 761
1337, 763
1337, 739
1337, 715
1335, 691
1337, 667
1339, 641
1337, 619
1337, 595
1337, 567
1341, 549
1385, 549
1425, 547
1467, 547
1509, 545
1531, 537
1531, 513
1531, 491
1531, 469
1531, 447
1533, 425
1533, 403
1533, 381
1497, 373
1467, 377
1431, 377
1395, 377
1373, 371
1371, 347
1369, 329
1367, 309
1367, 289
1365, 269
1363, 249
1365, 233
1363, 213
1363, 193
1375, 181
1409, 185
1439, 185
1473, 185
1503, 187
1537, 185
1565, 185
1581, 179
1581, 159
1581, 143
1579, 127
1579, 111
1581, 93
1587, 85
1619, 85
1645, 83
1673, 83
1697, 83
1717, 85
1721, 99
1723, 115
1723, 129
1721, 141
1721, 153
1721, 167
1729, 187
1721, 195
1717, 209
1723, 219
1723, 235
1721, 245
1721, 257
1721, 269
1721, 281
1723, 293
1723, 305
1723, 315
1721, 325
1721, 337
1723, 349
1723, 359
1723, 369
1723, 379
1721, 387
1725, 399
1723, 407
1725, 417
1723, 425
1721, 435
1721, 439
1723, 451
1723, 457
1721, 469
1723, 471
1723, 481
1721, 487
1731, 501
1723, 503
1723, 509
1723, 515
1727, 523
1725, 531
1725, 537
1725, 543
1725, 549
1723, 553
1725, 561
1725, 565
1723, 569
1733, 573
1165, 99
1165, 99
1165, 99
1165, 99
1167, 97
1165, 93
1165, 95
1165, 95
1163, 97
1165, 97
1165, 97
1163, 95
1163, 95
1165, 99
1167, 101
1161, 95
1161, 95
1163, 103
1159, 95
1159, 95
1159, 93
1155, 95
1155, 95
1153, 93
1155, 95
1151, 91
1149, 95
1147, 95
1145, 95
1141, 93
1141, 93
1139, 97
1135, 95
1129, 95
1129, 95
1125, 93
1123, 91
1121, 97
1115, 95
1113, 97
1107, 95
1101, 93
1097, 95
1093, 95
1089, 95
1081, 93
1079, 97
1073, 97
1067, 95
1061, 95
1065, 91
1049, 95
1041, 95
1033, 95
1025, 95
1019, 95
1013, 97
1003, 95
995, 95
987, 95
977, 95
969, 93
959, 97
951, 97
941, 97
929, 95
919, 97
907, 91
897, 95
881, 97
871, 97
863, 97
849, 97
837, 97
823, 97
811, 97
799, 99
783, 97
769, 97
755, 97
741, 97
727, 95
711, 99
691, 97
677, 95
661, 99
643, 97
619, 107
609, 99
591, 99
585, 107
585, 117
585, 127
587, 139
585, 149
583, 161
583, 171
581, 183
589, 187
585, 207
571, 213
551, 211
527, 215
505, 213
479, 213
455, 213
431, 213
411, 215
385, 213
361, 211
333, 213
307, 211
283, 213
257, 215
229, 213
203, 215
177, 217
145, 215
121, 217
121, 233
121, 247
121, 265
121, 283
119, 301
121, 317
121, 333
117, 351
123, 371
121, 387
125, 407
123, 421
123, 443
125, 461
157, 459
195, 463
225, 461
261, 463
295, 461
331, 463
369, 465
405, 465
407, 483
409, 505
407, 527
409, 547
409, 567
409, 589
395, 601
351, 603
317, 605
281, 605
281, 629
281, 651
279, 671
279, 695
281, 719
281, 743
281, 767
281, 789
279, 811
281, 837
283, 863
273, 883
229, 883
185, 885
169, 901
169, 927
169, 949
167, 977
167, 1001
205, 1005
249, 1005
295, 1007
343, 1005
387, 1007
433, 1005
483, 1007
529, 1005
575, 1005
621, 1005
671, 1003
669, 977
671, 949
673, 925
675, 897
675, 865
699, 855
749, 857
797, 857
847, 861
897, 863
905, 841
905, 809
911, 787
903, 755
903, 725
903, 697
905, 671
881, 651
831, 649
779, 651
731, 645
679, 653
627, 653
577, 649
577, 619
577, 589
579, 563
577, 531
573, 503
575, 475
575, 443
577, 415
577, 387
601, 375
653, 383
703, 389
755, 397
755, 369
753, 339
753, 307
753, 277
753, 249
755, 221
781, 205
837, 207
889, 207
939, 207
993, 205
1049, 207
1071, 221
1075, 253
1073, 279
1073, 311
1073, 339
1073, 369
1075, 399
1111, 403
1163, 399
1189, 411
1191, 471
1189, 499
1189, 529
1189, 559
1189, 589
1187, 619
1189, 647
1141, 647
1093, 649
1051, 653
1049, 683
1047, 711
1053, 737
1059, 771
1055, 797
1055, 827
1055, 855
1089, 867
1141, 867
1189, 865
1235, 867
1227, 901
1227, 929
1229, 957
1231, 983
1241, 1009
1283, 1005
1343, 1009
1389, 1013
1439, 1013
1489, 1017
1537, 1017
1583, 1019
1591, 995
1593, 969
1591, 943
1593, 915
1593, 885
1593, 861
1593, 833
1593, 809
1595, 783
1593, 757
1547, 759
1501, 761
1455, 761
1411, 761
1365, 761
1337, 751
1337, 729
1337, 705
1337, 679
1337, 655
1337, 631
1337, 607
1337, 585
1335, 561
1361, 551
1403, 547
1445, 547
1487, 549
1527, 547
1533, 527
1531, 503
1531, 479
1533, 457
1533, 435
1533, 415
1533, 393
1527, 377
1487, 375
1451, 377
1415, 379
1377, 377
1371, 361
1373, 343
1367, 321
1367, 299
1365, 279
1367, 261
1363, 241
1363, 221
1361, 203
1363, 185
1389, 185
1425, 185
1457, 183
1487, 183
1519, 185
1549, 185
1581, 185
1581, 169
1581, 151
1581, 135
1583, 119
1581, 103
1581, 87
1591, 87
1629, 83
1657, 83
1683, 81
1711, 81
1721, 91
1721, 107
1723, 121
1719, 133
1719, 147
1721, 161
1719, 173
1727, 191
1721, 201
1721, 215
1723, 229
1721, 239
1721, 253
1725, 257
1723, 275
1723, 287
1723, 299
1723, 311
1723, 321
1723, 331
1721, 345
1725, 355
1723, 363
1723, 373
1723, 383
1721, 393
1725, 403
1723, 411
1725, 413
1723, 427
1723, 437
1723, 443
1721, 453
1725, 463
1727, 473
1723, 479
1725, 487
1723, 491
1723, 499
1723, 507
1725, 513
1723, 519
1725, 527
1723, 533
1723, 539
1723, 545
1723, 551
1725, 557
1723, 561
1723, 569
1727, 565
1719, 569
1165, 99
1165, 99
1165, 99
1165, 93
1165, 93
1165, 97
1165, 95
1165, 95
1163, 97
1165, 97
1171, 105
1165, 97
1163, 95
1165, 95
1165, 93
1161, 95
1161, 95
1161, 93
1157, 97
1157, 95
1157, 95
1153, 95
1155, 91
1155, 97
1151, 95
1149, 93
1147, 95
1145, 95
1141, 97
1143, 97
1141, 97
1135, 95
1133, 95
1131, 95
1129, 97
1123, 95
1121, 95
1119, 93
1113, 95
1109, 95
1105, 95
1101, 95
1101, 103
1091, 95
1085, 95
1081, 95
1075, 95
1071, 97
1065, 97
1059, 95
1051, 95
1047, 97
1037, 97
1029, 95
1023, 95
1015, 95
1007, 95
999, 95
991, 95
981, 97
973, 95
965, 95
955, 95
945, 95
935, 97
925, 95
905, 97
903, 97
893, 97
881, 97
869, 97
857, 97
843, 97
831, 95
817, 97
805, 97
791, 97
777, 97
765, 99
747, 97
733, 95
715, 99
701, 97
687, 99
669, 89
651, 97
635, 99
601, 99
585, 99
585, 111
585, 121
583, 131
585, 143
583, 155
583, 167
583, 177
585, 189
583, 201
583, 211
563, 213
539, 215
517, 211
497, 215
471, 213
447, 213
423, 213
399, 213
373, 211
349, 213
323, 213
297, 213
269, 213
243, 213
217, 215
189, 215
163, 217
133, 215
119, 223
121, 241
121, 257
123, 275
123, 289
121, 307
121, 325
121, 341
123, 361
121, 377
121, 395
121, 415
131, 429
121, 451
141, 459
171, 461
205, 461
241, 465
277, 465
313, 463
351, 465
383, 465
409, 473
405, 495
403, 513
409, 535
409, 555
409, 577
409, 599
377, 601
335, 601
299, 605
281, 615
279, 637
281, 661
281, 683
283, 707
281, 729
281, 753
281, 777
281, 801
281, 823
281, 849
277, 873
251, 881
211, 883
169, 889
169, 913
167, 937
167, 963
169, 987
179, 1005
225, 1007
271, 1007
315, 1005
363, 1005
409, 1007
455, 1005
497, 1005
549, 1005
597, 1001
643, 1003
669, 991
669, 965
667, 939
671, 909
673, 883
675, 853
723, 857
769, 859
819, 859
869, 861
901, 855
903, 827
903, 797
903, 769
905, 743
903, 711
903, 683
905, 655
859, 651
807, 651
755, 651
707, 653
655, 653
599, 651
575, 637
577, 605
577, 577
577, 547
579, 513
577, 489
575, 459
581, 435
577, 403
575, 371
623, 379
675, 385
727, 391
755, 385
755, 355
755, 325
753, 293
753, 265
753, 237
753, 207
809, 205
859, 201
911, 209
965, 205
1015, 205
1073, 205
1067, 235
1073, 265
1071, 293
1075, 325
1075, 353
1077, 383
1085, 407
1135, 401
1189, 395
1189, 425
1189, 455
1189, 483
1189, 513
1191, 545
1189, 573
1189, 597
1191, 629
1167, 649
1069, 643
1049, 667
1053, 695
1053, 723
1053, 753
1055, 783
1055, 811
1055, 839
1059, 865
1111, 865
1161, 865
1215, 867
1229, 887
1229, 915
1227, 941
1227, 971
1231, 999
1267, 1013
1311, 1011
1363, 1011
1413, 1011
1461, 1011
1509, 1015
1557, 1015
1589, 1009
1597, 977
1589, 953
1593, 927
1593, 903
1595, 877
1595, 851
1595, 825
1593, 797
1595, 769
1571, 757
1527, 757
1481, 761
1437, 763
1391, 757
1347, 763
1337, 743
1335, 719
1335, 693
1337, 669
1335, 643
1335, 621
1337, 597
1333, 573
1339, 551
1381, 549
1417, 553
1461, 549
1503, 545
1531, 539
1531, 517
1533, 493
1531, 473
1533, 445
1533, 427
1531, 403
1533, 383
1509, 377
1471, 377
1433, 377
1399, 379
1371, 371
1369, 351
1369, 331
1367, 311
1367, 291
1363, 273
1363, 253
1365, 233
1361, 215
1361, 193
1373, 183
1407, 181
1437, 183
1469, 185
1499, 183
1533, 185
1563, 185
1581, 179
1583, 163
1583, 145
1581, 129
1581, 111
1583, 97
1587, 83
1615, 83
1643, 83
1675, 79
1697, 83
1721, 83
1721, 97
1719, 113
1723, 129
1723, 143
1721, 153
1721, 169
1721, 181
1723, 195
1723, 205
1723, 221
1721, 233
1721, 243
1721, 255
1721, 267
1721, 279
1723, 291
1721, 301
1723, 315
1721, 325
1717, 341
1721, 347
1721, 357
1725, 367
1723, 377
1723, 387
1723, 397
1721, 405
1723, 415
1725, 425
1723, 431
1723, 441
1723, 449
1721, 459
1721, 467
1723, 473
1725, 483
1723, 487
1725, 497
1725, 505
1725, 511
1725, 517
1725, 525
1723, 531
1725, 533
1725, 541
1725, 547
1723, 551
1723, 561
1723, 563
1725, 565
1727, 577
1165, 95
1165, 95
1165, 95
1165, 95
1165, 99
1167, 95
1165, 93
1165, 95
1165, 95
1167, 95
1165, 97
1165, 97
1165, 97
1163, 95
1165, 97
1163, 95
1161, 95
1161, 95
1161, 95
1161, 95
1159, 95
1157, 93
1157, 95
1155, 93
1155, 93
1153, 95
1149, 93
1151, 97
1149, 97
1145, 93
1145, 97
1141, 95
1137, 93
1137, 93
1133, 95
1131, 93
1127, 95
1125, 97
1119, 97
1117, 95
1115, 97
1109, 95
1101, 95
1099, 93
1095, 95
1091, 97
1085, 95
1079, 95
1073, 95
1067, 97
1065, 93
1059, 93
1051, 97
1043, 95
1039, 97
1027, 93
1021, 95
1015, 95
1007, 95
999, 95
989, 95
983, 97
969, 97
963, 93
955, 95
941, 95
933, 95
923, 97
907, 95
901, 97
891, 95
879, 93
865, 97
853, 99
841, 95
829, 97
817, 99
803, 97
787, 97
773, 97
761, 97
747, 95
729, 95
715, 97
701, 99
683, 95
665, 99
653, 101
633, 99
615, 97
597, 99
583, 101
579, 115
585, 123
583, 133
585, 145
583, 157
587, 169
583, 179
585, 191
585, 201
581, 213
557, 213
537, 215
513, 211
489, 213
465, 213
443, 213
419, 211
393, 213
369, 213
337, 215
315, 213
291, 213
267, 213
239, 213
211, 213
181, 215
157, 215
125, 215
119, 227
121, 243
121, 261
117, 277
121, 293
129, 305
121, 329
123, 347
121, 363
123, 381
123, 399
125, 419
123, 437
123, 455
147, 461
181, 461
215, 461
245, 459
283, 463
321, 461
355, 465
391, 463
407, 475
407, 495
405, 519
409, 539
409, 561
409, 581
407, 603
371, 601
329, 603
293, 603
281, 619
279, 641
281, 665
279, 689
281, 711
279, 735
277, 757
283, 783
281, 805
281, 829
281, 853
281, 877
247, 881
201, 885
169, 893
171, 923
169, 943
167, 967
167, 993
187, 1009
231, 1007
279, 1007
325, 1007
369, 1007
419, 999
461, 1003
509, 1005
557, 1005
607, 1007
653, 1005
669, 987
671, 961
673, 935
673, 905
673, 879
681, 855
731, 857
779, 857
831, 859
879, 861
905, 851
903, 819
905, 795
909, 761
903, 731
903, 707
905, 681
901, 653
851, 651
797, 651
747, 649
697, 649
645, 651
591, 651
577, 629
577, 601
577, 571
577, 543
575, 513
575, 483
577, 455
573, 425
575, 395
583, 371
635, 381
687, 389
735, 393
751, 379
755, 351
753, 319
753, 289
755, 259
751, 231
771, 201
817, 207
871, 207
923, 205
975, 205
1029, 207
1071, 209
1075, 237
1075, 271
1075, 301
1073, 329
1075, 357
1075, 385
1095, 405
1147, 401
1189, 399
1189, 431
1191, 461
1191, 489
1191, 521
1189, 549
1191, 577
1191, 605
1189, 637
1163, 649
1113, 647
1059, 645
1051, 667
1053, 701
1053, 729
1055, 755
1053, 787
1055, 817
1055, 845
1067, 867
1123, 867
1171, 865
1221, 863
1229, 891
1227, 917
1229, 947
1231, 977
1231, 1005
1273, 1007
1321, 1009
1371, 1011
1421, 1013
1471, 1015
1519, 1017
1565, 1017
1591, 1005
1591, 977
1591, 951
1593, 925
1591, 899
1593, 871
1593, 843
1589, 817
1595, 793
1595, 767
1563, 757
1517, 761
1473, 761
1427, 761
1385, 765
1337, 763
1335, 737
1337, 709
1339, 691
1333, 665
1337, 641
1337, 615
1337, 591
1337, 569
1347, 549
1387, 549
1431, 547
1469, 545
1511, 545
1531, 533
1531, 511
1531, 487
1533, 465
1533, 445
1533, 423
1533, 401
1533, 379
1501, 377
1465, 381
1427, 377
1391, 377
1369, 367
1369, 345
1369, 327
1369, 309
1367, 287
1365, 269
1361, 249
1363, 229
1363, 211
1363, 191
1379, 183
1411, 183
1443, 183
1475, 183
1507, 185
1543, 181
1569, 185
1583, 177
1581, 157
1581, 141
1585, 125
1583, 107
1579, 93
1591, 83
1617, 83
1647, 87
1669, 81
1699, 81
1721, 85
1721, 99
1721, 115
1721, 129
1721, 143
1721, 157
1721, 171
1721, 183
1721, 195
1723, 207
1721, 221
1721, 233
1721, 245
1723, 261
1723, 273
1723, 281
1723, 295
1723, 305
1721, 317
1721, 327
1715, 347
1721, 349
1721, 359
1723, 369
1723, 379
1723, 389
1721, 399
1723, 405
1723, 417
1725, 427
1723, 433
1723, 443
1725, 453
1725, 461
1725, 469
1723, 473
1717, 483
1725, 489
1725, 497
1725, 505
1725, 513
1725, 517
1723, 523
1725, 531
1723, 537
1723, 543
1725, 549
1723, 555
1723, 559
1723, 565
1727, 563
1713, 575
1165, 99
1165, 99
1165, 99
1165, 99
1165, 93
1165, 93
1165, 95
1165, 95
1165, 95
1165, 97
1165, 97
1163, 97
1163, 95
1163, 95
1163, 93
1163, 97
1163, 97
1159, 93
1163, 89
1159, 95
1161, 95
1157, 95
1155, 95
1155, 95
1153, 93
1153, 93
1151, 95
1149, 91
1147, 91
1145, 91
1143, 93
1139, 95
1139, 97
1135, 91
1131, 93
1127, 99
1127, 97
1121, 97
1119, 95
1115, 95
1111, 95
1107, 95
1101, 95
1097, 93
1093, 95
1087, 95
1083, 95
1077, 95
1073, 97
1065, 95
1061, 95
1053, 99
1047, 95
1041, 97
1035, 93
1025, 95
1019, 95
1009, 93
1005, 97
1001, 105
985, 95
979, 97
969, 97
957, 97
947, 97
939, 95
927, 97
919, 97
907, 95
897, 97
885, 97
873, 97
861, 97
849, 97
833, 97
823, 97
811, 95
795, 97
781, 99
769, 97
753, 97
739, 97
723, 97
709, 97
691, 97
675, 99
657, 99
643, 97
625, 97
607, 97
589, 99
587, 109
585, 117
583, 127
585, 139
583, 151
585, 161
585, 173
581, 185
593, 189
587, 201
569, 213
549, 211
523, 213
503, 213
479, 211
455, 211
429, 213
407, 209
383, 213
357, 213
329, 213
305, 213
279, 213
253, 213
227, 213
201, 213
171, 215
145, 217
121, 219
121, 235
119, 253
121, 267
121, 283
123, 303
121, 317
123, 335
123, 353
123, 371
121, 389
125, 409
121, 427
125, 443
127, 461
161, 461
197, 459
231, 463
265, 463
301, 463
337, 465
371, 463
409, 463
409, 483
407, 505
407, 527
409, 549
407, 571
409, 591
391, 603
345, 599
311, 605
281, 607
281, 631
281, 653
281, 675
277, 699
281, 721
281, 745
281, 769
281, 791
281, 815
281, 839
281, 863
267, 883
227, 885
181, 887
171, 903
169, 927
167, 953
167, 979
163, 1005
209, 1007
253, 1007
301, 1003
345, 1007
391, 1005
439, 1007
483, 1005
533, 1005
579, 1005
627, 1005
669, 1001
669, 973
671, 945
673, 921
673, 893
675, 867
703, 857
753, 857
801, 861
853, 863
901, 863
899, 837
903, 809
903, 779
903, 751
901, 721
905, 697
903, 667
879, 651
827, 653
777, 653
727, 651
675, 651
621, 651
577, 645
579, 619
579, 589
577, 559
575, 531
577, 499
575, 471
581, 437
577, 413
575, 383
607, 375
657, 383
709, 391
753, 393
755, 367
753, 335
755, 305
753, 275
753, 249
753, 217
787, 205
841, 207
893, 207
945, 205
999, 205
1051, 207
1071, 223
1071, 255
1073, 283
1071, 315
1083, 349
1075, 373
1075, 403
1119, 405
1169, 397
1189, 413
1189, 443
1191, 473
1191, 501
1189, 531
1189, 563
1191, 589
1189, 619
1189, 649
1139, 649
1087, 647
1049, 657
1051, 683
1051, 713
1051, 743
1055, 773
1053, 799
1055, 829
1055, 857
1089, 869
1143, 865
1195, 865
1229, 877
1227, 903
1227, 933
1231, 961
1231, 987
1247, 1007
1297, 1009
1345, 1011
1395, 1011
1443, 1013
1489, 1015
1535, 1011
1591, 1017
1587, 993
1591, 965
1593, 939
1593, 911
1595, 887
1593, 859
1585, 837
1595, 807
1591, 779
1589, 757
1545, 761
1499, 761
1451, 761
1405, 761
1361, 761
1337, 751
1337, 727
1335, 703
1335, 679
1335, 653
1337, 629
1337, 605
1337, 581
1337, 557
1365, 549
1405, 549
1449, 549
1491, 547
1531, 547
1535, 531
1531, 501
1531, 481
1531, 457
1533, 435
1533, 413
1533, 391
1519, 369
1485, 377
1449, 379
1409, 375
1373, 377
1371, 355
1369, 339
1367, 319
1369, 295
1363, 279
1365, 259
1363, 239
1363, 219
1363, 203
1361, 183
1395, 185
1425, 183
1459, 185
1491, 183
1521, 185
1555, 189
1585, 187
1581, 167
1581, 151
1583, 135
1581, 117
1585, 105
1585, 89
1605, 83
1631, 81
1663, 87
1687, 83
1713, 81
1719, 91
1721, 107
1721, 121
1721, 135
1721, 149
1723, 161
1721, 175
1721, 191
1721, 203
1723, 215
1721, 229
1721, 241
1721, 253
1721, 265
1721, 277
1717, 287
1721, 299
1723, 309
1721, 321
1723, 339
1721, 343
1723, 353
1721, 363
1721, 373
1725, 385
1723, 393
1719, 403
1725, 413
1723, 421
1725, 431
1723, 437
1723, 445
1725, 453
1723, 463
1725, 473
1723, 481
1723, 483
1725, 493
1723, 499
1723, 507
1723, 513
1723, 521
1721, 527
1723, 533
1725, 539
1725, 545
1725, 553
1723, 559
1723, 561
1725, 567
1729, 573
1731, 571
1165, 99
1165, 99
1165, 99
1165, 93
1165, 93
1165, 93
1165, 95
1165, 95
1163, 97
1163, 91
1165, 97
1165, 97
1163, 95
1165, 95
1161, 95
1161, 95
1161, 95
1159, 95
1159, 95
1159, 95
1159, 97
1157, 95
1155, 91
1155, 95
1153, 95
1153, 93
1149, 93
1145, 97
1143, 97
1145, 97
1141, 95
1139, 95
1137, 93
1135, 97
1129, 95
1127, 95
1123, 95
1123, 97
1117, 95
1113, 95
1109, 95
1105, 95
1099, 93
1095, 93
1093, 97
1085, 93
1081, 97
1075, 95
1069, 95
1063, 95
1057, 95
1051, 95
1043, 95
1039, 97
1029, 95
1025, 97
1015, 93
1009, 97
1001, 95
989, 97
981, 95
975, 97
963, 95
953, 95
945, 95
939, 101
925, 95
913, 91
907, 91
891, 97
879, 97
867, 95
855, 95
843, 97
829, 97
817, 97
805, 95
789, 95
777, 97
761, 97
749, 99
733, 99
717, 99
699, 99
683, 99
669, 99
651, 99
635, 99
619, 101
599, 99
585, 101
585, 111
587, 123
585, 133
585, 143
585, 155
585, 167
585, 179
585, 189
583, 201
583, 213
559, 213
539, 211
515, 211
493, 213
469, 213
445, 213
421, 213
395, 213
371, 213
343, 213
319, 213
293, 213
267, 213
241, 213
215, 215
183, 215
159, 215
129, 217
121, 225
121, 241
121, 259
121, 275
123, 293
121, 307
121, 327
123, 343
123, 361
125, 381
123, 397
125, 417
123, 433
125, 455
143, 459
177, 461
211, 463
247, 463
281, 463
317, 461
351, 463
387, 463
403, 475
407, 495
409, 515
407, 537
409, 557
409, 579
409, 601
373, 603
335, 605
293, 603
281, 617
277, 641
281, 663
281, 685
279, 709
279, 733
281, 755
281, 779
281, 803
281, 827
281, 851
281, 875
247, 881
203, 885
169, 891
169, 915
169, 941
167, 965
167, 991
185, 1001
227, 1007
275, 1007
321, 1007
365, 1007
411, 1005
457, 1007
507, 1007
553, 1005
603, 1007
647, 1005
669, 987
669, 965
671, 935
673, 909
675, 883
677, 855
727, 857
775, 859
823, 861
873, 863
903, 851
905, 825
905, 797
903, 765
903, 739
903, 709
903, 681
905, 655
855, 653
805, 653
751, 651
707, 657
647, 653
597, 651
577, 633
577, 603
579, 577
579, 543
577, 517
575, 489
571, 457
577, 429
575, 397
581, 373
629, 381
681, 387
731, 395
753, 379
753, 351
757, 325
749, 289
755, 263
753, 233
755, 207
813, 207
865, 205
917, 205
971, 205
1023, 205
1067, 207
1071, 237
1073, 267
1073, 297
1073, 325
1075, 357
1073, 385
1091, 405
1141, 399
1189, 397
1189, 427
1191, 459
1189, 487
1189, 517
1191, 545
1191, 577
1189, 603
1189, 629
1167, 649
1115, 647
1063, 647
1053, 669
1051, 697
1053, 727
1053, 755
1053, 785
1053, 813
1055, 841
1063, 867
1117, 863
1167, 867
1215, 867
1227, 887
1229, 917
1229, 943
1229, 969
1231, 1001
1271, 1009
1321, 1009
1369, 1013
1465, 1015
1513, 1015
1561, 1017
1591, 1007
1593, 981
1593, 955
1593, 927
1593, 899
1593, 873
1593, 847
1589, 821
1595, 793
1597, 771
1567, 753
1521, 757
1477, 761
1433, 763
1385, 761
1337, 763
1337, 739
1337, 715
1335, 691
1337, 667
1339, 641
1337, 619
1337, 595
1337, 567
1341, 549
1385, 549
1425, 547
1467, 547
1509, 545
1531, 537
1531, 513
1531, 491
1531, 469
1531, 447
1533, 425
1533, 403
1533, 381
1497, 373
1467, 377
1431, 377
1395, 377
1373, 371
1371, 347
1369, 329
1367, 309
1367, 289
1365, 269
1363, 249
1365, 233
1363, 213
1363, 193
1375, 181
1409, 185
1439, 185
1473, 185
1503, 187
1537, 185
1565, 185
1581, 179
1581, 159
1581, 143
1579, 127
1579, 111
1581, 93
1587, 85
1619, 85
1645, 83
1673, 83
1697, 83
1717, 85
1721, 99
1723, 115
1723, 129
1721, 141
1721, 153
1721, 167
1729, 187
1721, 195
1717, 209
1723, 219
1723, 235
1721, 245
1721, 257
1721, 269
1721, 281
1723, 293
1723, 305
1723, 315
1721, 325
1721, 337
1723, 349
1723, 359
1723, 369
1723, 379
1721, 387
1725, 399
1723, 407
1725, 417
1723, 425
1721, 435
1721, 439
1723, 451
1723, 457
1721, 469
1723, 471
1723, 481
1721, 487
1731, 501
1723, 503
1723, 509
1723, 515
1727, 523
1725, 531
1725, 537
1725, 543
1725, 549
1723, 553
1725, 561
1725, 565
1723, 569
1733, 573
1165, 99
1165, 99
1165, 99
1165, 99
1167, 97
1165, 93
1165, 95
1165, 95
1163, 97
1165, 97
1165, 97
1163, 95
1163, 95
1165, 99
1167, 101
1161, 95
1161, 95
1163, 103
1159, 95
1159, 95
1159, 93
1155, 95
1155, 95
1153, 93
1155, 95
1151, 91
1149, 95
1147, 95
1145, 95
1141, 93
1141, 93
1139, 97
1135, 95
1129, 95
1129, 95
1125, 93
1123, 91
1121, 97
1115, 95
1113, 97
1107, 95
1101, 93
1097, 95
1093, 95
1089, 95
1081, 93
1079, 97
1073, 97
1067, 95
1061, 95
1065, 91
1049, 95
1041, 95
1033, 95
1025, 95
1019, 95
1013, 97
1003, 95
995, 95
987, 95
977, 95
969, 93
959, 97
951, 97
941, 97
929, 95
919, 97
907, 91
897, 95
881, 97
871, 97
863, 97
849, 97
837, 97
823, 97
811, 97
799, 99
783, 97
769, 97
755, 97
741, 97
727, 95
711, 99
691, 97
677, 95
661, 99
643, 97
619, 107
609, 99
591, 99
585, 107
585, 117
585, 127
587, 139
585, 149
583, 161
583, 171
581, 183
589, 187
585, 207
571, 213
551, 211
527, 215
505, 213
479, 213
455, 213
431, 213
411, 215
385, 213
361, 211
333, 213
307, 211
283, 213
257, 215
229, 213
203, 215
177, 217
145, 215
121, 217
121, 233
121, 247
121, 265
121, 283
119, 301
121, 317
121, 333
117, 351
123, 371
121, 387
125, 407
123, 421
123, 443
125, 461
157, 459
195, 463
225, 461
261, 463
295, 461
331, 463
369, 465
405, 465
407, 483
409, 505
407, 527
409, 547
409, 567
409, 589
395, 601
351, 603
317, 605
281, 605
281, 629
281, 651
279, 671
279, 695
281, 719
281, 743
281, 767
281, 789
279, 811
281, 837
283, 863
273, 883
229, 883
185, 885
169, 901
169, 927
169, 949
167, 977
167, 1001
205, 1005
249, 1005
295, 1007
343, 1005
387, 1007
433, 1005
483, 1007
529, 1005
575, 1005
621, 1005
671, 1003
669, 977
671, 949
673, 925
675, 897
675, 865
699, 855
749, 857
797, 857
847, 861
897, 863
905, 841
905, 809
911, 787
903, 755
903, 725
903, 697
905, 671
881, 651
831, 649
779, 651
731, 645
679, 653
627, 653
577, 649
577, 619
577, 589
579, 563
577, 531
573, 503
575, 475
575, 443
577, 415
577, 387
601, 375
653, 383
703, 389
755, 397
755, 369
753, 339
753, 307
753, 277
753, 249
755, 221
781, 205
837, 207
889, 207
939, 207
993, 205
1049, 207
1071, 221
1075, 253
1073, 279
1073, 311
1073, 339
1073, 369
1075, 399
1111, 403
1163, 399
1189, 411
1191, 471
1189, 499
1189, 529
1189, 559
1189, 589
1187, 619
1189, 647
1141, 647
1093, 649
1051, 653
1049, 683
1047, 711
1053, 737
1059, 771
1055, 797
1055, 827
1055, 855
1089, 867
1141, 867
1189, 865
1235, 867
1227, 901
1227, 929
1229, 957
1231, 983
1241, 1009
1283, 1005
1343, 1009
1389, 1013
1439, 1013
1489, 1017
1537, 1017
1583, 1019
1591, 995
1593, 969
1591, 943
1593, 915
1593, 885
1593, 861
1593, 833
1593, 809
1595, 783
1593, 757
1547, 759
1501, 761
1455, 761
1411, 761
1365, 761
1337, 751
1337, 729
1337, 705
1337, 679
1337, 655
1337, 631
1337, 607
1337, 585
1335, 561
1361, 551
1403, 547
1445, 547
1487, 549
1527, 547
1533, 527
1531, 503
1531, 479
1533, 457
1533, 435
1533, 415
1533, 393
1527, 377
1487, 375
1451, 377
1415, 379
1377, 377
1371, 361
1373, 343
1367, 321
1367, 299
1365, 279
1367, 261
1363, 241
1363, 221
1361, 203
1363, 185
1389, 185
1425, 185
1457, 183
1487, 183
1519, 185
1549, 185
1581, 185
1581, 169
1581, 151
1581, 135
1583, 119
1581, 103
1581, 87
1591, 87
1629, 83
1657, 83
1683, 81
1711, 81
1721, 91
1721, 107
1723, 121
1719, 133
1719, 147
1721, 161
1719, 173
1727, 191
1721, 201
1721, 215
1723, 229
1721, 239
1721, 253
1725, 257
1723, 275
1723, 287
1723, 299
1723, 311
1723, 321
1723, 331
1721, 345
1725, 355
1723, 363
1723, 373
1723, 383
1721, 393
1725, 403
1723, 411
1725, 413
1723, 427
1723, 437
1723, 443
1721, 453
1725, 463
1727, 473
1723, 479
1725, 487
1723, 491
1723, 499
1723, 507
1725, 513
1723, 519
1725, 527
1723, 533
1723, 539
1723, 545
1723, 551
1725, 557
1723, 561
1723, 569
1727, 565
1719, 569
1165, 99
1165, 99
1165, 99
1165, 93
1165, 93
1165, 97
1165, 95
1165, 95
1163, 97
1165, 97
1171, 105
1165, 97
1163, 95
1165, 95
1165, 93
1161, 95
1161, 95
1161, 93
1157, 97
1157, 95
1157, 95
1153, 95
1155, 91
1155, 97
1151, 95
1149, 93
1147, 95
1145, 95
1141, 97
1143, 97
1141, 97
1135, 95
1133, 95
1131, 95
1129, 97
1123, 95
1121, 95
1119, 93
1113, 95
1109, 95
1105, 95
1101, 95
1101, 103
1091, 95
1085, 95
1081, 95
1075, 95
1071, 97
1065, 97
1059, 95
1051, 95
1047, 97
1037, 97
1029, 95
1023, 95
1015, 95
1007, 95
999, 95
991, 95
981, 97
973, 95
965, 95
955, 95
945, 95
935, 97
925, 95
905, 97
903, 97
893, 97
881, 97
869, 97
857, 97
843, 97
831, 95
817, 97
805, 97
791, 97
777, 97
765, 99
747, 97
733, 95
715, 99
701, 97
687, 99
669, 89
651, 97
635, 99
601, 99
585, 99
585, 111
585, 121
583, 131
585, 143
583, 155
583, 167
583, 177
585, 189
583, 201
583, 211
563, 213
539, 215
517, 211
497, 215
471, 213
447, 213
423, 213
399, 213
373, 211
349, 213
323, 213
297, 213
269, 213
243, 213
217, 215
189, 215
163, 217
133, 215
119, 223
121, 241
121, 257
123, 275
123, 289
121, 307
121, 325
121, 341
123, 361
121, 377
121, 395
121, 415
131, 429
121, 451
141, 459
171, 461
205, 461
241, 465
277, 465
313, 463
351, 465
383, 465
409, 473
405, 495
403, 513
409, 535
409, 555
409, 577
409, 599
377, 601
335, 601
299, 605
281, 615
279, 637
281, 661
281, 683
283, 707
281, 729
281, 753
281, 777
281, 801
281, 823
281, 849
277, 873
251, 881
211, 883
169, 889
169, 913
167, 937
167, 963
169, 987
179, 1005
225, 1007
271, 1007
315, 1005
363, 1005
409, 1007
455, 1005
497, 1005
549, 1005
597, 1001
643, 1003
669, 991
669, 965
667, 939
671, 909
673, 883
675, 853
723, 857
769, 859
819, 859
869, 861
901, 855
903, 827
903, 797
903, 769
905, 743
903, 711
903, 683
905, 655
859, 651
807, 651
755, 651
707, 653
655, 653
599, 651
575, 637
577, 605
577, 577
577, 547
579, 513
577, 489
575, 459
581, 435
577, 403
575, 371
623, 379
675, 385
727, 391
755, 385
755, 355
755, 325
753, 293
753, 265
753, 237
753, 207
809, 205
859, 201
911, 209
965, 205
1015, 205
1073, 205
1067, 235
1073, 265
1071, 293
1075, 325
1075, 353
1077, 383
1085, 407
1135, 401
1189, 395
1189, 425
1189, 455
1189, 483
1189, 513
1191, 545
1189, 573
1189, 597
1191, 629
1167, 649
1069, 643
1049, 667
1053, 695
1053, 723
1053, 753
1055, 783
1055, 811
1055, 839
1059, 865
1111, 865
1161, 865
1215, 867
1229, 887
1229, 915
1227, 941
1227, 971
1231, 999
1267, 1013
1311, 1011
1363, 1011
1413, 1011
1461, 1011
1509, 1015
1557, 1015
1589, 1009
1597, 977
1589, 953
1593, 927
1593, 903
1595, 877
1595, 851
1595, 825
1593, 797
1595, 769
1571, 757
1527, 757
1481, 761
1437, 763
1391, 757
1347, 763
1337, 743
1335, 719
1335, 693
1337, 669
1335, 643
1335, 621
1337, 597
1333, 573
1339, 551
1381, 549
1417, 553
1461, 549
1503, 545
1531, 539
1531, 517
1533, 493
1531, 473
1533, 445
1533, 427
1531, 403
1533, 383
1509, 377
1471, 377
1433, 377
1399, 379
1371, 371
1369, 351
1369, 331
1367, 311
1367, 291
1363, 273
1363, 253
1365, 233
1361, 215
1361, 193
1373, 183
1407, 181
1437, 183
1469, 185
1499, 183
1533, 185
1563, 185
1581, 179
1583, 163
1583, 145
1581, 129
1581, 111
1583, 97
1587, 83
1615, 83
1643, 83
1675, 79
1697, 83
1721, 83
1721, 97
1719, 113
1723, 129
1723, 143
1721, 153
1721, 169
1721, 181
1723, 195
1723, 205
1723, 221
1721, 233
1721, 243
1721, 255
1721, 267
1721, 279
1723, 291
1721, 301
1723, 315
1721, 325
1717, 341
1721, 347
1721, 357
1725, 367
1723, 377
1723, 387
1723, 397
1721, 405
1723, 415
1725, 425
1723, 431
1723, 441
1723, 449
1721, 459
1721, 467
1723, 473
1725, 483
1723, 487
1725, 497
1725, 505
1725, 511
1725, 517
1725, 525
1723, 531
1725, 533
1725, 541
1725, 547
1723, 551
1723, 561
1723, 563
1725, 565
1727, 577
1165, 95
1165, 95
1165, 95
1165, 95
1165, 99
1167, 95
1165, 93
1165, 95
1165, 95
1167, 95
1165, 97
1165, 97
1165, 97
1163, 95
1165, 97
1163, 95
1161, 95
1161, 95
1161, 95
1161, 95
1159, 95
1157, 93
1157, 95
1155, 93
1155, 93
1153, 95
1149, 93
1151, 97
1149, 97
1145, 93
1145, 97
1141, 95
1137, 93
1137, 93
1133, 95
1131, 93
1127, 95
1125, 97
1119, 97
1117, 95
1115, 97
1109, 95
1101, 95
1099, 93
1095, 95
1091, 97
1085, 95
1079, 95
1073, 95
1067, 97
1065, 93
1059, 93
1051, 97
1043, 95
1039, 97
1027, 93
1021, 95
1015, 95
1007, 95
999, 95
989, 95
983, 97
969, 97
963, 93
955, 95
941, 95
933, 95
923, 97
907, 95
901, 97
891, 95
879, 93
865, 97
853, 99
841, 95
829, 97
817, 99
803, 97
787, 97
773, 97
761, 97
747, 95
729, 95
715, 97
701, 99
683, 95
665, 99
653, 101
633, 99
615, 97
597, 99
583, 101
579, 115
585, 123
583, 133
585, 145
583, 157
587, 169
583, 179
585, 191
585, 201
581, 213
557, 213
537, 215
513, 211
489, 213
465, 213
443, 213
419, 211
393, 213
369, 213
337, 215
315, 213
291, 213
267, 213
239, 213
211, 213
181, 215
157, 215
125, 215
119, 227
121, 243
121, 261
117, 277
121, 293
129, 305
121, 329
123, 347
121, 363
123, 381
123, 399
125, 419
123, 437
123, 455
147, 461
181, 461
215, 461
245, 459
283, 463
321, 461
355, 465
391, 463
407, 475
407, 495
405, 519
409, 539
409, 561
409, 581
407, 603
371, 601
329, 603
293, 603
281, 619
279, 641
281, 665
279, 689
281, 711
279, 735
277, 757
283, 783
281, 805
281, 829
281, 853
281, 877
247, 881
201, 885
169, 893
171, 923
169, 943
167, 967
167, 993
187, 1009
231, 1007
279, 1007
325, 1007
369, 1007
419, 999
461, 1003
509, 1005
557, 1005
607, 1007
653, 1005
669, 987
671, 961
673, 935
673, 905
673, 879
681, 855
731, 857
779, 857
831, 859
879, 861
905, 851
903, 819
905, 795
909, 761
903, 731
903, 707
905, 681
901, 653
851, 651
797, 651
747, 649
697, 649
645, 651
591, 651
577, 629
577, 601
577, 571
577, 543
575, 513
575, 483
577, 455
573, 425
575, 395
583, 371
635, 381
687, 389
735, 393
751, 379
755, 351
753, 319
753, 289
755, 259
751, 231
771, 201
817, 207
871, 207
923, 205
975, 205
1029, 207
1071, 209
1075, 237
1075, 271
1075, 301
1073, 329
1075, 357
1075, 385
1095, 405
1147, 401
1189, 399
1189, 431
1191, 461
1191, 489
1191, 521
1189, 549
1191, 577
1191, 605
1189, 637
1163, 649
1113, 647
1059, 645
1051, 667
1053, 701
1053, 729
1055, 755
1053, 787
1055, 817
1055, 845
1067, 867
1123, 867
1171, 865
1221, 863
1229, 891
1227, 917
1229, 947
1231, 977
1231, 1005
1273, 1007
1321, 1009
1371, 1011
1421, 1013
1471, 1015
1519, 1017
1565, 1017
1591, 1005
1591, 977
1591, 951
1593, 925
1591, 899
1593, 871
1593, 843
1589, 817
1595, 793
1595, 767
1563, 757
1517, 761
1473, 761
1427, 761
1385, 765
1337, 763
1335, 737
1337, 709
1339, 691
1333, 665
1337, 641
1337, 615
1337, 591
1337, 569
1347, 549
1387, 549
1431, 547
1469, 545
1511, 545
1531, 533
1531, 511
1531, 487
1533, 465
1533, 445
1533, 423
1533, 401
1533, 379
1501, 377
1465, 381
1427, 377
1391, 377
1369, 367
1369, 345
1369, 327
1369, 309
1367, 287
1365, 269
1361, 249
1363, 229
1363, 211
1363, 191
1379, 183
1411, 183
1443, 183
1475, 183
1507, 185
1543, 181
1569, 185
1583, 177
1581, 157
1581, 141
1585, 125
1583, 107
1579, 93
1591, 83
1617, 83
1647, 87
1669, 81
1699, 81
1721, 85
1721, 99
1721, 115
1721, 129
1721, 143
1721, 157
1721, 171
1721, 183
1721, 195
1723, 207
1721, 221
1721, 233
1721, 245
1723, 261
1723, 273
1723, 281
1723, 295
1723, 305
1721, 317
1721, 327
1715, 347
1721, 349
1721, 359
1723, 369
1723, 379
1723, 389
1721, 399
1723, 405
1723, 417
1725, 427
1723, 433
1723, 443
1725, 453
1725, 461
1725, 469
1723, 473
1717, 483
1725, 489
1725, 497
1725, 505
1725, 513
1725, 517
1723, 523
1725, 531
1723, 537
1723, 543
1725, 549
1723, 555
1723, 559
1723, 565
1727, 563
1713, 575
1165, 99
1165, 99
1165, 99
1165, 99
1165, 93
1165, 93
1165, 95
1165, 95
1165, 95
1165, 97
1165, 97
1163, 97
1163, 95
1163, 95
1163, 93
1163, 97
1163, 97
1159, 93
1163, 89
1159, 95
1161, 95
1157, 95
1155, 95
1155, 95
1153, 93
1153, 93
1151, 95
1149, 91
1147, 91
1145, 91
1143, 93
1139, 95
1139, 97
1135, 91
1131, 93
1127, 99
1127, 97
1121, 97
1119, 95
1115, 95
1111, 95
1107, 95
1101, 95
1097, 93
1093, 95
1087, 95
1083, 95
1077, 95
1073, 97
1065, 95
1061, 95
1053, 99
1047, 95
1041, 97
1035, 93
1025, 95
1019, 95
1009, 93
1005, 97
1001, 105
985, 95
979, 97
969, 97
957, 97
947, 97
939, 95
927, 97
919, 97
907, 95
897, 97
885, 97
873, 97
861, 97
849, 97
833, 97
823, 97
811, 95
795, 97
781, 99
769, 97
753, 97
739, 97
723, 97
709, 97
691, 97
675, 99
657, 99
643, 97
625, 97
607, 97
589, 99
587, 109
585, 117
583, 127
585, 139
583, 151
585, 161
585, 173
581, 185
593, 189
587, 201
569, 213
549, 211
523, 213
503, 213
479, 211
455, 211
429, 213
407, 209
383, 213
357, 213
329, 213
305, 213
279, 213
253, 213
227, 213
201, 213
171, 215
145, 217
121, 219
121, 235
119, 253
121, 267
121, 283
123, 303
121, 317
123, 335
123, 353
123, 371
121, 389
125, 409
121, 427
125, 443
127, 461
161, 461
197, 459
231, 463
265, 463
301, 463
337, 465
371, 463
409, 463
409, 483
407, 505
407, 527
409, 549
407, 571
409, 591
391, 603
345, 599
311, 605
281, 607
281, 631
281, 653
281, 675
277, 699
281, 721
281, 745
281, 769
281, 791
281, 815
281, 839
281, 863
267, 883
227, 885
181, 887
171, 903
169, 927
167, 953
167, 979
163, 1005
209, 1007
253, 1007
301, 1003
345, 1007
391, 1005
439, 1007
483, 1005
533, 1005
579, 1005
627, 1005
669, 1001
669, 973
671, 945
673, 921
673, 893
675, 867
703, 857
753, 857
801, 861
853, 863
901, 863
899, 837
903, 809
903, 779
903, 751
901, 721
905, 697
903, 667
879, 651
827, 653
777, 653
727, 651
675, 651
621, 651
577, 645
579, 619
579, 589
577, 559
575, 531
577, 499
575, 471
581, 437
577, 413
575, 383
607, 375
657, 383
709, 391
753, 393
755, 367
753, 335
755, 305
753, 275
753, 249
753, 217
787, 205
841, 207
893, 207
945, 205
999, 205
1051, 207
1071, 223
1071, 255
1073, 283
1071, 315
1083, 349
1075, 373
1075, 403
1119, 405
1169, 397
1189, 413
1189, 443
1191, 473
1191, 501
1189, 531
1189, 563
1191, 589
1189, 619
1189, 649
1139, 649
1087, 647
1049, 657
1051, 683
1051, 713
1051, 743
1055, 773
1053, 799
1055, 829
1055, 857
1089, 869
1143, 865
1195, 865
1229, 877
1227, 903
1227, 933
1231, 961
1231, 987
1247, 1007
1297, 1009
1345, 1011
1395, 1011
1443, 1013
1489, 1015
1535, 1011
1591, 1017
1587, 993
1591, 965
1593, 939
1593, 911
1595, 887
1593, 859
1585, 837
1595, 807
1591, 779
1589, 757
1545, 761
1499, 761
1451, 761
1405, 761
1361, 761
1337, 751
1337, 727
1335, 703
1335, 679
1335, 653
1337, 629
1337, 605
1337, 581
1337, 557
1365, 549
1405, 549
1449, 549
1491, 547
1531, 547
1535, 531
1531, 501
1531, 481
1531, 457
1533, 435
1533, 413
1533, 391
1519, 369
1485, 377
1449, 379
1409, 375
1373, 377
1371, 355
1369, 339
1367, 319
1369, 295
1363, 279
1365, 259
1363, 239
1363, 219
1363, 203
1361, 183
1395, 185
1425, 183
1459, 185
1491, 183
1521, 185
1555, 189
1585, 187
1581, 167
1581, 151
1583, 135
1581, 117
1585, 105
1585, 89
1605, 83
1631, 81
1663, 87
1687, 83
1713, 81
1719, 91
1721, 107
1721, 121
1721, 135
1721, 149
1723, 161
1721, 175
1721, 191
1721, 203
1723, 215
1721, 229
1721, 241
1721, 253
1721, 265
1721, 277
1717, 287
1721, 299
1723, 309
1721, 321
1723, 339
1721, 343
1723, 353
1721, 363
1721, 373
1725, 385
1723, 393
1719, 403
1725, 413
1723, 421
1725, 431
1723, 437
1723, 445
1725, 453
1723, 463
1725, 473
1723, 481
1723, 483
1725, 493
1723, 499
1723, 507
1723, 513
1723, 521
1721, 527
1723, 533
1725, 539
1725, 545
1725, 553
1723, 559
1723, 561
1725, 567
1729, 573
1731, 571
1165, 99
1165, 99
1165, 99
1165, 93
1165, 93
1165, 93
1165, 95
1165, 95
1163, 97
1163, 91
1165, 97
1165, 97
1163, 95
1165, 95
1161, 95
1161, 95
1161, 95
1159, 95
1159, 95
1159, 95
1159, 97
1157, 95
1155, 91
1155, 95
1153, 95
1153, 93
1149, 93
1145, 97
1143, 97
1145, 97
1141, 95
1139, 95
1137, 93
1135, 97
1129, 95
1127, 95
1123, 95
1123, 97
1117, 95
1113, 95
1109, 95
1105, 95
1099, 93
1095, 93
1093, 97
1085, 93
1081, 97
1075, 95
1069, 95
1063, 95
1057, 95
1051, 95
1043, 95
1039, 97
1029, 95
1025, 97
1015, 93
1009, 97
1001, 95
989, 97
981, 95
975, 97
963, 95
953, 95
945, 95
939, 101
925, 95
913, 91
907, 91
891, 97
879, 97
867, 95
855, 95
843, 97
829, 97
817, 97
805, 95
789, 95
777, 97
761, 97
749, 99
733, 99
717, 99
699, 99
683, 99
669, 99
651, 99
635, 99
619, 101
599, 99
585, 101
585, 111
587, 123
585, 133
585, 143
585, 155
585, 167
585, 179
585, 189
583, 201
583, 213
559, 213
539, 211
515, 211
493, 213
469, 213
445, 213
421, 213
395, 213
371, 213
343, 213
319, 213
293, 213
267, 213
241, 213
215, 215
183, 215
159, 215
129, 217
121, 225
121, 241
121, 259
121, 275
123, 293
121, 307
121, 327
123, 343
123, 361
125, 381
123, 397
125, 417
123, 433
125, 455
143, 459
177, 461
211, 463
247, 463
281, 463
317, 461
351, 463
387, 463
403, 475
407, 495
409, 515
407, 537
409, 557
409, 579
409, 601
373, 603
335, 605
293, 603
281, 617
277, 641
281, 663
281, 685
279, 709
279, 733
281, 755
281, 779
281, 803
281, 827
281, 851
281, 875
247, 881
203, 885
169, 891
169, 915
169, 941
167, 965
167, 991
185, 1001
227, 1007
275, 1007
321, 1007
365, 1007
411, 1005
457, 1007
507, 1007
553, 1005
603, 1007
647, 1005
669, 987
669, 965
671, 935
673, 909
675, 883
677, 855
727, 857
775, 859
823, 861
873, 863
903, 851
905, 825
905, 797
903, 765
903, 739
903, 709
903, 681
905, 655
855, 653
805, 653
751, 651
707, 657
647, 653
597, 651
577, 633
577, 603
579, 577
579, 543
577, 517
575, 489
571, 457
577, 429
575, 397
581, 373
629, 381
681, 387
731, 395
753, 379
753, 351
757, 325
749, 289
755, 263
753, 233
755, 207
813, 207
865, 205
917, 205
971, 205
1023, 205
1067, 207
1071, 237
1073, 267
1073, 297
1073, 325
1075, 357
1073, 385
1091, 405
1141, 399
1189, 397
1189, 427
1191, 459
1189, 487
1189, 517
1191, 545
1191, 577
1189, 603
1189, 629
1167, 649
1115, 647
1063, 647
1053, 669
1051, 697
1053, 727
1053, 755
1053, 785
1053, 813
1055, 841
1063, 867
1117, 863
1167, 867
1215, 867
1227, 887
1229, 917
1229, 943
1229, 969
1231, 1001
1271, 1009
1321, 1009
1369, 1013
1465, 1015
1513, 1015
1561, 1017
1591, 1007
1593, 981
1593, 955
1593, 927
1593, 899
1593, 873
1593, 847
1589, 821
1595, 793
1597, 771
1567, 753
1521, 757
1477, 761
1433, 763
1385, 761
1337, 763
1337, 739
1337, 715
1335, 691
1337, 667
1339, 641
1337, 619
1337, 595
1337, 567
1341, 549
1385, 549
1425, 547
1467, 547
1509, 545
1531, 537
1531, 513
1531, 491
1531, 469
1531, 447
1533, 425
1533, 403
1533, 381
1497, 373
1467, 377
1431, 377
1395, 377
1373, 371
1371, 347
1369, 329
1367, 309
1367, 289
1365, 269
1363, 249
1365, 233
1363, 213
1363, 193
1375, 181
1409, 185
1439, 185
1473, 185
1503, 187
1537, 185
1565, 185
1581, 179
1581, 159
1581, 143
1579, 127
1579, 111
1581, 93
1587, 85
1619, 85
1645, 83
1673, 83
1697, 83
1717, 85
1721, 99
1723, 115
1723, 129
1721, 141
1721, 153
1721, 167
1729, 187
1721, 195
1717, 209
1723, 219
1723, 235
1721, 245
1721, 257
1721, 269
1721, 281
1723, 293
1723, 305
1723, 315
1721, 325
1721, 337
1723, 349
1723, 359
1723, 369
1723, 379
1721, 387
1725, 399
1723, 407
1725, 417
1723, 425
1721, 435
1721, 439
1723, 451
1723, 457
1721, 469
1723, 471
1723, 481
1721, 487
1731, 501
1723, 503
1723, 509
1723, 515
1727, 523
1725, 531
1725, 537
1725, 543
1725, 549
1723, 553
1725, 561
1725, 565
1723, 569
1733, 573
1165, 99
1165, 99
1165, 99
1165, 99
1167, 97
1165, 93
1165, 95
1165, 95
1163, 97
1165, 97
1165, 97
1163, 95
1163, 95
1165, 99
1167, 101
1161, 95
1161, 95
1163, 103
1159, 95
1159, 95
1159, 93
1155, 95
1155, 95
1153, 93
1155, 95
1151, 91
1149, 95
1147, 95
1145, 95
1141, 93
1141, 93
1139, 97
1135, 95
1129, 95
1129, 95
1125, 93
1123, 91
1121, 97
1115, 95
1113, 97
1107, 95
1101, 93
1097, 95
1093, 95
1089, 95
1081, 93
1079, 97
1073, 97
1067, 95
1061, 95
1065, 91
1049, 95
1041, 95
1033, 95
1025, 95
1019, 95
1013, 97
1003, 95
995, 95
987, 95
977, 95
969, 93
959, 97
951, 97
941, 97
929, 95
919, 97
907, 91
897, 95
881, 97
871, 97
863, 97
849, 97
837, 97
823, 97
811, 97
799, 99
783, 97
769, 97
755, 97
741, 97
727, 95
711, 99
691, 97
677, 95
661, 99
643, 97
619, 107
609, 99
591, 99
585, 107
585, 117
585, 127
587, 139
585, 149
583, 161
583, 171
581, 183
589, 187
585, 207
571, 213
551, 211
527, 215
505, 213
479, 213
455, 213
431, 213
411, 215
385, 213
361, 211
333, 213
307, 211
283, 213
257, 215
229, 213
203, 215
177, 217
145, 215
121, 217
121, 233
121, 247
121, 265
121, 283
119, 301
121, 317
121, 333
117, 351
123, 371
121, 387
125, 407
123, 421
123, 443
125, 461
157, 459
195, 463
225, 461
261, 463
295, 461
331, 463
369, 465
405, 465
407, 483
409, 505
407, 527
409, 547
409, 567
409, 589
395, 601
351, 603
317, 605
281, 605
281, 629
281, 651
279, 671
279, 695
281, 719
281, 743
281, 767
281, 789
279, 811
281, 837
283, 863
273, 883
229, 883
185, 885
169, 901
169, 927
169, 949
167, 977
167, 1001
205, 1005
249, 1005
295, 1007
343, 1005
387, 1007
433, 1005
483, 1007
529, 1005
575, 1005
621, 1005
671, 1003
669, 977
671, 949
673, 925
675, 897
675, 865
699, 855
749, 857
797, 857
847, 861
897, 863
905, 841
905, 809
911, 787
903, 755
903, 725
903, 697
905, 671
881, 651
831, 649
779, 651
731, 645
679, 653
627, 653
577, 649
577, 619
577, 589
579, 563
577, 531
573, 503
575, 475
575, 443
577, 415
577, 387
601, 375
653, 383
703, 389
755, 397
755, 369
753, 339
753, 307
753, 277
753, 249
755, 221
781, 205
837, 207
889, 207
939, 207
993, 205
1049, 207
1071, 221
1075, 253
1073, 279
1073, 311
1073, 339
1073, 369
1075, 399
1111, 403
1163, 399
1189, 411
1191, 471
1189, 499
1189, 529
1189, 559
1189, 589
1187, 619
1189, 647
1141, 647
1093, 649
1051, 653
1049, 683
1047, 711
1053, 737
1059, 771
1055, 797
1055, 827
1055, 855
1089, 867
1141, 867
1189, 865
1235, 867
1227, 901
1227, 929
1229, 957
1231, 983
1241, 1009
1283, 1005
1343, 1009
1389, 1013
1439, 1013
1489, 1017
1537, 1017
1583, 1019
1591, 995
1593, 969
1591, 943
1593, 915
1593, 885
1593, 861
1593, 833
1593, 809
1595, 783
1593, 757
1547, 759
1501, 761
1455, 761
1411, 761
1365, 761
1337, 751
1337, 729
1337, 705
1337, 679
1337, 655
1337, 631
1337, 607
1337, 585
1335, 561
1361, 551
1403, 547
1445, 547
1487, 549
1527, 547
1533, 527
1531, 503
1531, 479
1533, 457
1533, 435
1533, 415
1533, 393
1527, 377
1487, 375
1451, 377
1415, 379
1377, 377
1371, 361
1373, 343
1367, 321
1367, 299
1365, 279
1367, 261
1363, 241
1363, 221
1361, 203
1363, 185
1389, 185
1425, 185
1457, 183
1487, 183
1519, 185
1549, 185
1581, 185
1581, 169
1581, 151
1581, 135
1583, 119
1581, 103
1581, 87
1591, 87
1629, 83
1657, 83
1683, 81
1711, 81
1721, 91
1721, 107
1723, 121
1719, 133
1719, 147
1721, 161
1719, 173
1727, 191
1721, 201
1721, 215
1723, 229
1721, 239
1721, 253
1725, 257
1723, 275
1723, 287
1723, 299
1723, 311
1723, 321
1723, 331
1721, 345
1725, 355
1723, 363
1723, 373
1723, 383
1721, 393
1725, 403
1723, 411
1725, 413
1723, 427
1723, 437
1723, 443
1721, 453
1725, 463
1727, 473
1723, 479
1725, 487
1723, 491
1723, 499
1723, 507
1725, 513
1723, 519
1725, 527
1723, 533
1723, 539
1723, 545
1723, 551
1725, 557
1723, 561
1723, 569
1727, 565
1719, 569
1165, 99
1165, 99
1165, 99
1165, 93
1165, 93
1165, 97
1165, 95
1165, 95
1163, 97
1165, 97
1171, 105
1165, 97
1163, 95
1165, 95
1165, 93
1161, 95
1161, 95
1161, 93
1157, 97
1157, 95
1157, 95
1153, 95
1155, 91
1155, 97
1151, 95
1149, 93
1147, 95
1145, 95
1141, 97
1143, 97
1141, 97
1135, 95
1133, 95
1131, 95
1129, 97
1123, 95
1121, 95
1119, 93
1113, 95
1109, 95
1105, 95
1101, 95
1101, 103
1091, 95
1085, 95
1081, 95
1075, 95
1071, 97
1065, 97
1059, 95
1051, 95
1047, 97
1037, 97
1029, 95
1023, 95
1015, 95
1007, 95
999, 95
991, 95
981, 97
973, 95
965, 95
955, 95
945, 95
935, 97
925, 95
905, 97
903, 97
893, 97
881, 97
869, 97
857, 97
843, 97
831, 95
817, 97
805, 97
791, 97
777, 97
765, 99
747, 97
733, 95
715, 99
701, 97
687, 99
669, 89
651, 97
635, 99
601, 99
585, 99
585, 111
585, 121
583, 131
585, 143
583, 155
583, 167
583, 177
585, 189
583, 201
583, 211
563, 213
539, 215
517, 211
497, 215
471, 213
447, 213
423, 213
399, 213
373, 211
349, 213
323, 213
297, 213
269, 213
243, 213
217, 215
189, 215
163, 217
133, 215
119, 223
121, 241
121, 257
123, 275
123, 289
121, 307
121, 325
121, 341
123, 361
121, 377
121, 395
121, 415
131, 429
121, 451
141, 459
171, 461
205, 461
241, 465
277, 465
313, 463
351, 465
383, 465
409, 473
405, 495
403, 513
409, 535
409, 555
409, 577
409, 599
377, 601
335, 601
299, 605
281, 615
279, 637
281, 661
281, 683
283, 707
281, 729
281, 753
281, 777
281, 801
281, 823
281, 849
277, 873
251, 881
211, 883
169, 889
169, 913
167, 937
167, 963
169, 987
179, 1005
225, 1007
271, 1007
315, 1005
363, 1005
409, 1007
455, 1005
497, 1005
549, 1005
597, 1001
643, 1003
669, 991
669, 965
667, 939
671, 909
673, 883
675, 853
723, 857
769, 859
819, 859
869, 861
901, 855
903, 827
903, 797
903, 769
905, 743
903, 711
903, 683
905, 655
859, 651
807, 651
755, 651
707, 653
655, 653
599, 651
575, 637
577, 605
577, 577
577, 547
579, 513
577, 489
575, 459
581, 435
577, 403
575, 371
623, 379
675, 385
727, 391
755, 385
755, 355
755, 325
753, 293
753, 265
753, 237
753, 207
809, 205
859, 201
911, 209
965, 205
1015, 205
1073, 205
1067, 235
1073, 265
1071, 293
1075, 325
1075, 353
1077, 383
1085, 407
1135, 401
1189, 395
1189, 425
1189, 455
1189, 483
1189, 513
1191, 545
1189, 573
1189, 597
1191, 629
1167, 649
1069, 643
1049, 667
1053, 695
1053, 723
1053, 753
1055, 783
1055, 811
1055, 839
1059, 865
1111, 865
1161, 865
1215, 867
1229, 887
1229, 915
1227, 941
1227, 971
1231, 999
1267, 1013
1311, 1011
1363, 1011
1413, 1011
1461, 1011
1509, 1015
1557, 1015
1589, 1009
1597, 977
1589, 953
1593, 927
1593, 903
1595, 877
1595, 851
1595, 825
1593, 797
1595, 769
1571, 757
1527, 757
1481, 761
1437, 763
1391, 757
1347, 763
1337, 743
1335, 719
1335, 693
1337, 669
1335, 643
1335, 621
1337, 597
1333, 573
1339, 551
1381, 549
1417, 553
1461, 549
1503, 545
1531, 539
1531, 517
1533, 493
1531, 473
1533, 445
1533, 427
1531, 403
1533, 383
1509, 377
1471, 377
1433, 377
1399, 379
1371, 371
1369, 351
1369, 331
1367, 311
1367, 291
1363, 273
1363, 253
1365, 233
1361, 215
1361, 193
1373, 183
1407, 181
1437, 183
1469, 185
1499, 183
1533, 185
1563, 185
1581, 179
1583, 163
1583, 145
1581, 129
1581, 111
1583, 97
1587, 83
1615, 83
1643, 83
1675, 79
1697, 83
1721, 83
1721, 97
1719, 113
1723, 129
1723, 143
1721, 153
1721, 169
1721, 181
1723, 195
1723, 205
1723, 221
1721, 233
1721, 243
1721, 255
1721, 267
1721, 279
1723, 291
1721, 301
1723, 315
1721, 325
1717, 341
1721, 347
1721, 357
1725, 367
1723, 377
1723, 387
1723, 397
1721, 405
1723, 415
1725, 425
1723, 431
1723, 441
1723, 449
1721, 459
1721, 467
1723, 473
1725, 483
1723, 487
1725, 497
1725, 505
1725, 511
1725, 517
1725, 525
1723, 531
1725, 533
1725, 541
1725, 547
1723, 551
1723, 561
1723, 563
1725, 565
1727, 577
1165, 95
1165, 95
1165, 95
1165, 95
1165, 99
1167, 95
1165, 93
1165, 95
1165, 95
1167, 95
1165, 97
1165, 97
1165, 97
1163, 95
1165, 97
1163, 95
1161, 95
1161, 95
1161, 95
1161, 95
1159, 95
1157, 93
1157, 95
1155, 93
1155, 93
1153, 95
1149, 93
1151, 97
1149, 97
1145, 93
1145, 97
1141, 95
1137, 93
1137, 93
1133, 95
1131, 93
1127, 95
1125, 97
1119, 97
1117, 95
1115, 97
1109, 95
1101, 95
1099, 93
1095, 95
1091, 97
1085, 95
1079, 95
1073, 95
1067, 97
1065, 93
1059, 93
1051, 97
1043, 95
1039, 97
1027, 93
1021, 95
1015, 95
1007, 95
999, 95
989, 95
983, 97
969, 97
963, 93
955, 95
941, 95
933, 95
923, 97
907, 95
901, 97
891, 95
879, 93
865, 97
853, 99
841, 95
829, 97
817, 99
803, 97
787, 97
773, 97
761, 97
747, 95
729, 95
715, 97
701, 99
683, 95
665, 99
653, 101
633, 99
615, 97
597, 99
583, 101
579, 115
585, 123
583, 133
585, 145
583, 157
587, 169
583, 179
585, 191
585, 201
581, 213
557, 213
537, 215
513, 211
489, 213
465, 213
443, 213
419, 211
393, 213
369, 213
337, 215
315, 213
291, 213
267, 213
239, 213
211, 213
181, 215
157, 215
125, 215
119, 227
121, 243
121, 261
117, 277
121, 293
129, 305
121, 329
123, 347
121, 363
123, 381
123, 399
125, 419
123, 437
123, 455
147, 461
181, 461
215, 461
245, 459
283, 463
321, 461
355, 465
391, 463
407, 475
407, 495
405, 519
409, 539
409, 561
409, 581
407, 603
371, 601
329, 603
293, 603
281, 619
279, 641
281, 665
279, 689
281, 711
279, 735
277, 757
283, 783
281, 805
281, 829
281, 853
281, 877
247, 881
201, 885
169, 893
171, 923
169, 943
167, 967
167, 993
187, 1009
231, 1007
279, 1007
325, 1007
369, 1007
419, 999
461, 1003
509, 1005
557, 1005
607, 1007
653, 1005
669, 987
671, 961
673, 935
673, 905
673, 879
681, 855
731, 857
779, 857
831, 859
879, 861
905, 851
903, 819
905, 795
909, 761
903, 731
903, 707
905, 681
901, 653
851, 651
797, 651
747, 649
697, 649
645, 651
591, 651
577, 629
577, 601
577, 571
577, 543
575, 513
575, 483
577, 455
573, 425
575, 395
583, 371
635, 381
687, 389
735, 393
751, 379
755, 351
753, 319
753, 289
755, 259
751, 231
771, 201
817, 207
871, 207
923, 205
975, 205
1029, 207
1071, 209
1075, 237
1075, 271
1075, 301
1073, 329
1075, 357
1075, 385
1095, 405
1147, 401
1189, 399
1189, 431
1191, 461
1191, 489
1191, 521
1189, 549
1191, 577
1191, 605
1189, 637
1163, 649
1113, 647
1059, 645
1051, 667
1053, 701
1053, 729
1055, 755
1053, 787
1055, 817
1055, 845
1067, 867
1123, 867
1171, 865
1221, 863
1229, 891
1227, 917
1229, 947
1231, 977
1231, 1005
1273, 1007
1321, 1009
1371, 1011
1421, 1013
1471, 1015
1519, 1017
1565, 1017
1591, 1005
1591, 977
1591, 951
1593, 925
1591, 899
1593, 871
1593, 843
1589, 817
1595, 793
1595, 767
1563, 757
1517, 761
1473, 761
1427, 761
1385, 765
1337, 763
1335, 737
1337, 709
1339, 691
1333, 665
1337, 641
1337, 615
1337, 591
1337, 569
1347, 549
1387, 549
1431, 547
1469, 545
1511, 545
1531, 533
1531, 511
1531, 487
1533, 465
1533, 445
1533, 423
1533, 401
1533, 379
1501, 377
1465, 381
1427, 377
1391, 377
1369, 367
1369, 345
1369, 327
1369, 309
1367, 287
1365, 269
1361, 249
1363, 229
1363, 211
1363, 191
1379, 183
1411, 183
1443, 183
1475, 183
1507, 185
1543, 181
1569, 185
1583, 177
1581, 157
1581, 141
1585, 125
1583, 107
1579, 93
1591, 83
1617, 83
1647, 87
1669, 81
1699, 81
1721, 85
1721, 99
1721, 115
1721, 129
1721, 143
1721, 157
1721, 171
1721, 183
1721, 195
1723, 207
1721, 221
1721, 233
1721, 245
1723, 261
1723, 273
1723, 281
1723, 295
1723, 305
1721, 317
1721, 327
1715, 347
1721, 349
1721, 359
1723, 369
1723, 379
1723, 389
1721, 399
1723, 405
1723, 417
1725, 427
1723, 433
1723, 443
1725, 453
1725, 461
1725, 469
1723, 473
1717, 483
1725, 489
1725, 497
1725, 505
1725, 513
1725, 517
1723, 523
1725, 531
1723, 537
1723, 543
1725, 549
1723, 555
1723, 559
1723, 565
1727, 563
1713, 575
1165, 99
1165, 99
1165, 99
1165, 99
1165, 93
1165, 93
1165, 95
1165, 95
1165, 95
1165, 97
