39, 73
39, 73
39, 73
39, 73
39, 73
39, 73
39, 73
39, 73
39, 73
39, 73
39, 73
39, 73
39, 73
39, 73
39, 73
39, 73
39, 73
39, 73
39, 73
39, 73
39, 73
39, 73
39, 73
39, 73
42, 74
43, 75
41, 77
38, 77
38, 77
40, 75
42, 73
40, 73
38, 73
38, 73
38, 73
39, 73
38, 73
39, 73
38, 73
38, 73
38, 73
38, 73
39, 73
48, 73
58, 74
54, 75
50, 75
45, 76
38, 76
38, 77
45, 76
46, 76
44, 76
42, 76
45, 73
50, 73
51, 73
53, 73
56, 71
57, 70
57, 70
57, 70
57, 70
57, 70
57, 70
50, 67
42, 67
35, 67
38, 67
43, 67
46, 67
46, 66
45, 66
41, 67
37, 67
38, 67
39, 67
38, 66
37, 62
38, 57
38, 52
38, 48
38, 43
40, 40
41, 37
41, 34
41, 31
41, 28
41, 25
42, 27
42, 28
43, 27
49, 26
55, 26
60, 26
64, 26
66, 26
65, 26
63, 26
61, 26
58, 26
55, 26
52, 26
49, 26
46, 26
44, 26
43, 25
42, 25
40, 26
38, 26
38, 26
38, 26
38, 26
38, 26
38, 26
38, 26
38, 26
38, 26
38, 26
38, 26
38, 26
38, 26
38, 26
38, 26
38, 26
38, 26
38, 26
38, 26
38, 26
38, 26
38, 26
38, 26
38, 26
38, 26
38, 26
38, 26
38, 26
38, 26
38, 26
38, 26
38, 26
38, 26
38, 26
38, 26
38, 26
38, 26
38, 26
38, 26
38, 26
38, 26
38, 26
38, 26
38, 26
