776, 485
776, 485
776, 485
776, 485
776, 485
776, 485
775, 485
776, 485
776, 485
776, 485
771, 494
739, 509
689, 529
643, 542
625, 520
605, 502
582, 477
555, 451
538, 428
540, 416
540, 422
537, 422
573, 443
572, 445
565, 433
559, 441
557, 456
569, 484
557, 484
565, 477
555, 466
572, 447
595, 419
588, 414
628, 413
664, 410
742, 390
762, 364
748, 342
758, 269
776, 198
788, 220
797, 260
819, 270
829, 273
821, 271
804, 264
863, 308
975, 360
1078, 398
1071, 427
1001, 454
956, 449
918, 434
881, 416
861, 405
858, 399
856, 385
856, 381
