213, 127
215, 129
215, 127
215, 127
209, 131
211, 127
207, 131
205, 131
203, 127
207, 135
205, 131
207, 127
209, 133
211, 123
211, 127
213, 119
213, 119
209, 121
209, 119
205, 125
207, 131
207, 133
207, 127
203, 127
211, 131
211, 129
215, 121
219, 127
217, 123
217, 113
215, 119
213, 121
211, 119
209, 121
209, 121
209, 117
209, 123
209, 129
207, 125
207, 127
207, 113
207, 123
209, 121
211, 121
211, 111
211, 111
207, 119
211, 119
213, 117
213, 119
213, 117
213, 111
217, 113
215, 109
211, 115
217, 119
217, 113
217, 113
215, 115
219, 109
215, 105
217, 107
215, 105
215, 105
217, 115
215, 111
219, 111
215, 115
215, 117
215, 113
215, 105
215, 113
213, 105
209, 111
213, 107
215, 113
211, 115
213, 109
213, 113
213, 113
215, 113
213, 109
215, 109
217, 115
217, 111
219, 107
215, 105
221, 105
223, 105
217, 105
221, 113
219, 109
221, 109
217, 113
