1091, 289
1091, 289
1090, 289
1091, 289
1090, 289
1090, 289
1090, 290
1090, 289
1091, 289
1090, 289
1090, 300
1085, 322
1085, 338
1087, 378
1085, 400
1087, 412
1087, 412
1088, 413
1087, 413
1087, 414
1087, 414
1087, 414
1087, 414
1088, 414
1087, 414
1088, 414
1088, 414
1087, 414
1088, 414
1087, 414
1088, 414
1087, 414
1087, 414
1088, 414
1088, 414
1087, 414
1087, 414
1087, 414
1045, 384
998, 335
958, 279
916, 279
861, 312
796, 328
809, 310
827, 287
837, 273
845, 274
839, 274
831, 274
833, 274
837, 274
841, 274
837, 274
835, 274
835, 274
835, 274
835, 274
835, 274
835, 274
835, 274
835, 273
835, 274
835, 274
835, 274
835, 274
835, 274
835, 274
835, 274
835, 274
835, 274
835, 274
835, 274
835, 274
835, 274
835, 274
835, 274
835, 274
835, 274
835, 274
835, 274
835, 274
835, 274
