27, 74
27, 74
27, 74
27, 74
27, 74
27, 74
27, 74
27, 74
27, 74
27, 74
27, 74
27, 74
27, 74
27, 74
27, 74
27, 74
27, 74
27, 74
27, 74
27, 74
27, 74
27, 74
27, 74
27, 74
27, 74
27, 74
29, 74
36, 73
43, 73
46, 72
48, 70
47, 70
45, 70
46, 70
47, 70
47, 70
46, 70
45, 70
45, 71
45, 72
45, 73
50, 71
57, 71
63, 71
70, 72
76, 73
75, 72
72, 72
71, 72
71, 73
72, 74
74, 74
76, 74
75, 74
74, 74
73, 74
74, 74
74, 74
73, 74
74, 74
74, 74
74, 74
74, 75
74, 74
74, 74
74, 74
74, 74
74, 74
74, 74
74, 74
74, 74
74, 74
74, 74
74, 74
73, 73
72, 72
67, 71
64, 71
61, 71
59, 71
50, 71
51, 72
48, 72
40, 71
32, 72
26, 73
23, 75
23, 77
23, 80
27, 81
32, 81
29, 81
23, 79
20, 76
19, 75
18, 77
20, 79
26, 81
32, 81
35, 81
36, 81
37, 80
38, 79
38, 78
37, 76
35, 73
34, 71
32, 70
33, 68
34, 67
36, 67
38, 69
43, 70
45, 71
47, 70
51, 70
52, 71
53, 71
53, 71
53, 71
52, 71
53, 71
53, 71
53, 71
59, 71
69, 72
78, 73
74, 75
70, 76
70, 79
69, 81
68, 79
67, 78
67, 78
67, 78
67, 79
68, 80
68, 81
69, 81
69, 81
69, 81
67, 80
56, 80
58, 81
59, 80
60, 80
60, 80
59, 81
58, 81
57, 81
58, 81
57, 81
57, 81
57, 81
58, 81
58, 81
58, 81
58, 81
58, 81
58, 81
58, 81
58, 81
58, 81
58, 81
58, 81
58, 81
58, 81
58, 81
58, 81
58, 81
58, 81
58, 81
58, 81
58, 81
58, 81
58, 81
58, 81
58, 81
58, 81
58, 81
58, 81
58, 81
58, 81
58, 81
58, 81
58, 81
58, 81
58, 81
58, 81
58, 81
58, 81
58, 81
58, 81
58, 81
58, 81
58, 81
58, 81
58, 81
58, 81
58, 81
57, 81
58, 81
58, 81
58, 81
58, 81
58, 81
58, 81
58, 81
58, 81
58, 81
58, 81
58, 81
57, 81
58, 81
58, 81
58, 81
58, 81
58, 81
58, 81
58, 81
58, 81
58, 81
58, 81
58, 81
58, 81
58, 81
58, 81
58, 81
58, 81
58, 81
58, 81
58, 81
57, 81
58, 81
58, 81
58, 81
58, 81
58, 81
