313, 163
313, 163
315, 163
315, 163
315, 165
315, 161
313, 161
313, 161
313, 161
313, 159
315, 157
319, 157
325, 153
325, 151
329, 149
337, 143
343, 139
347, 137
353, 135
359, 133
365, 131
367, 125
377, 129
383, 127
387, 127
395, 125
409, 111
399, 93
391, 87
403, 81
381, 77
381, 77
363, 101
347, 83
339, 99
321, 113
301, 93
301, 93
301, 99
269, 101
263, 107
265, 109
259, 109
261, 113
261, 109
267, 89
269, 81
271, 81
281, 79
279, 83
283, 93
287, 105
289, 115
291, 127
293, 141
293, 141
297, 153
299, 165
305, 175
309, 187
315, 209
317, 219
323, 223
337, 243
343, 247
347, 251
357, 259
361, 257
365, 279
385, 273
391, 275
399, 283
407, 307
407, 307
411, 315
429, 301
425, 323
433, 325
435, 303
431, 327
429, 305
401, 339
391, 323
377, 325
377, 325
361, 325
339, 347
325, 331
267, 343
251, 349
245, 369
227, 359
227, 359
221, 365
215, 371
219, 393
211, 389
209, 415
211, 419
211, 427
215, 427
219, 423
223, 421
225, 417
229, 397
237, 413
229, 395
231, 391
237, 383
245, 375
251, 361
259, 349
267, 337
273, 325
281, 315
285, 305
295, 293
287, 283
289, 271
283, 255
273, 245
267, 233
255, 221
247, 213
239, 203
231, 195
201, 179
195, 179
195, 175
189, 175
187, 173
189, 171
189, 171
189, 167
