123, 421
123, 443
125, 461
157, 459
195, 463
225, 461
261, 463
295, 461
331, 463
369, 465
405, 465
407, 483
409, 505
407, 527
409, 547
409, 567
409, 589
395, 601
351, 603
317, 605
281, 605
281, 629
281, 651
279, 671
279, 695
281, 719
281, 743
281, 767
281, 789
279, 811
281, 837
283, 863
273, 883
229, 883
185, 885
169, 901
169, 927
169, 949
167, 977
167, 1001
205, 1005
249, 1005
295, 1007
343, 1005
387, 1007
433, 1005
483, 1007
529, 1005
575, 1005
621, 1005
671, 1003
669, 977
671, 949
673, 925
675, 897
675, 865
699, 855
749, 857
797, 857
847, 861
897, 863
905, 841
905, 809
911, 787
903, 755
903, 725
903, 697
905, 671
881, 651
831, 649
779, 651
731, 645
679, 653
627, 653
577, 649
577, 619
577, 589
579, 563
577, 531
573, 503
575, 475
575, 443
577, 415
577, 387
601, 375
653, 383
703, 389
755, 397
755, 369
753, 339
753, 307
753, 277
753, 249
755, 221
781, 205
837, 207
889, 207
939, 207
993, 205
1049, 207
1071, 221
1075, 253
1073, 279
1073, 311
1073, 339
1073, 369
1075, 399
1111, 403
1163, 399
1189, 411
1191, 471
1189, 499
1189, 529
1189, 559
1189, 589
1187, 619
1189, 647
1141, 647
1093, 649
1051, 653
1049, 683
1047, 711
1053, 737
1059, 771
1055, 797
1055, 827
1055, 855
1089, 867
1141, 867
1189, 865
1235, 867
1227, 901
1227, 929
1229, 957
1231, 983
1241, 1009
1283, 1005
1343, 1009
1389, 1013
1439, 1013
1489, 1017
1537, 1017
1583, 1019
1591, 995
1593, 969
1591, 943
1593, 915
1593, 885
1593, 861
1593, 833
1593, 809
1595, 783
1593, 757
1547, 759
1501, 761
1455, 761
1411, 761
1365, 761
1337, 751
1337, 729
1337, 705
1337, 679
1337, 655
1337, 631
1337, 607
1337, 585
1335, 561
1361, 551
1403, 547
1445, 547
1487, 549
1527, 547
1533, 527
1531, 503
1531, 479
1533, 457
1533, 435
1533, 415
1533, 393
1527, 377
1487, 375
1451, 377
1415, 379
1377, 377
1371, 361
1373, 343
1367, 321
1367, 299
1365, 279
1367, 261
1363, 241
1363, 221
1361, 203
1363, 185
1389, 185
1425, 185
1457, 183
1487, 183
1519, 185
1549, 185
1581, 185
1581, 169
1581, 151
1581, 135
1583, 119
1581, 103
1581, 87
1591, 87
1629, 83
1657, 83
1683, 81
1711, 81
1721, 91
1721, 107
1723, 121
1719, 133
1719, 147
1721, 161
1719, 173
1727, 191
1721, 201
1721, 215
1723, 229
1721, 239
1721, 253
1725, 257
1723, 275
1723, 287
1723, 299
1723, 311
1723, 321
1723, 331
1721, 345
1725, 355
1723, 363
1723, 373
1723, 383
1721, 393
1725, 403
1723, 411
1725, 413
1723, 427
1723, 437
1723, 443
1721, 453
1725, 463
1727, 473
1723, 479
1725, 487
1723, 491
1723, 499
1723, 507
1725, 513
1723, 519
1725, 527
1723, 533
1723, 539
1723, 545
1723, 551
1725, 557
1723, 561
1723, 569
1727, 565
1719, 569
